	Discipline	Sexe	Bassin (m)	Temps	Age	Nationalite	Lieu	Date
0	50_mètres_nage_libre	Femme	50	26:99	17	 Allemagne de l'Est	 Cali	1975-07-26
1	50_mètres_nage_libre	Femme	50	26:95	16	 Canada	 Saint John's	1977-08-16
2	50_mètres_nage_libre	Femme	50	26:74	19	 Canada	 Etobicoke	1978-08-19
3	50_mètres_nage_libre	Femme	50	26:61	16	 États-Unis	 Austin	1980-04-10
4	50_mètres_nage_libre	Femme	50	26:53	19	 États-Unis	 Austin	1980-04-10
5	50_mètres_nage_libre	Femme	50	26:32	19	 États-Unis	 Austin	1980-04-10
6	50_mètres_nage_libre	Femme	50	25:96	19	 États-Unis	 Austin	1980-04-10
7	50_mètres_nage_libre	Femme	50	25:79	20	 États-Unis	 Austin	1981-04-3
8	50_mètres_nage_libre	Femme	50	25:69	15	 États-Unis	 Amersfoort	1982-01-29
9	50_mètres_nage_libre	Femme	50	25:64	16	 Pays-Bas	 Amersfoort	1983-07-9
10	50_mètres_nage_libre	Femme	50	25:62	16	 États-Unis	 Clovis	1983-08-5
11	50_mètres_nage_libre	Femme	50	25:61	17	 États-Unis	 Mission Viejo	1984-07-21
12	50_mètres_nage_libre	Femme	50	25:50	16	 Roumanie	 Bucarest	1986-06-14
13	50_mètres_nage_libre	Femme	50	25:50	16	 Roumanie	 Bucarest	1986-06-14
14	50_mètres_nage_libre	Femme	50	25:34	16	 Roumanie	 Bucarest	1986-06-16
15	50_mètres_nage_libre	Femme	50	25:31	16	 Roumanie	 Sofia	1986-08-1
16	50_mètres_nage_libre	Femme	50	25:28	16	 Roumanie	 Madrid	1986-08-23
17	50_mètres_nage_libre	Femme	50	24:98	16	 Chine	 Guangzhou	1988-04-11
18	50_mètres_nage_libre	Femme	50	24:79	20	 Chine	 Barcelone	1992-07-31
19	50_mètres_nage_libre	Femme	50	24:51	19	 Chine	 Rome	1994-09-11
20	50_mètres_nage_libre	Femme	50	24:51	27	 Pays-Bas	 Sheffield	2000-05-27
21	50_mètres_nage_libre	Femme	50	24:48	27	 Pays-Bas	 Amsterdam	2000-06-4
22	50_mètres_nage_libre	Femme	50	24:39	27	 Pays-Bas	 Rio de Janeiro	2000-06-10
23	50_mètres_nage_libre	Femme	50	24:13	27	 Pays-Bas	 Sydney	2000-09-22
24	50_mètres_nage_libre	Femme	50	24:09	28	 Pays-Bas	 Eindhoven	2008-03-24
25	50_mètres_nage_libre	Femme	50	23:97	23	 Australie	 Sydney	2008-03-29
26	50_mètres_nage_libre	Femme	50	23:96	30	 Pays-Bas	 Amsterdam	2009-04-19
27	50_mètres_nage_libre	Femme	50	23:73	25	 Allemagne	 Rome	2009-08-2
28	50_mètres_nage_libre	Femme	50	23:67	23	 Suède	 Budapest	2017-07-29
29	50_mètres_nage_libre	Femme	25	23:59	24	 Australie	 Brisbane	2016-07-1
30	50_mètres_nage_libre	Femme	25	23:37	24	 Australie	 Brisbane	2016-07-2
31	100_mètres_nage_libre	Femme	50	1:35:0		 Empire allemand	 Magdebourg	1908-10-18
32	100_mètres_nage_libre	Femme	50	1:26:6	22	 Belgique	 Schaerbeek	1910-10-2
33	100_mètres_nage_libre	Femme	50	1:24:6		 Royaume-Uni	 Liverpool	1911-07-29
34	100_mètres_nage_libre	Femme	50	1:20:6		 Royaume-Uni	 Birkenhead	1912-06-10
35	100_mètres_nage_libre	Femme	50	1:19:8	23	 Australie	 Stockholm	1912-07-9
36	100_mètres_nage_libre	Femme	50	1:18:8	23	 Australie	 Hambourg	1912-07-21
37	100_mètres_nage_libre	Femme	50	1:16:2	26	 Australie	 Sydney	1915-02-6
38	100_mètres_nage_libre	Femme	50	1:13:6	18	 États-Unis	 Anvers	1920-08-25
39	100_mètres_nage_libre	Femme	50	1:12:8	17	 États-Unis	 Newark	1923-06-30
40	100_mètres_nage_libre	Femme	50	1:12:2		 États-Unis	 Paris	1924-07-19
41	100_mètres_nage_libre	Femme	50	1:10:0		 États-Unis	 Toledo	1926-01-28
42	100_mètres_nage_libre	Femme	50	1:09:8	20	 États-Unis	 Honolulu	1929-08-7
43	100_mètres_nage_libre	Femme	50	1:09:4		 États-Unis	 San Francisco	1929-08-25
44	100_mètres_nage_libre	Femme	50	1:08:0	17	 États-Unis	 Miami Beach	1930-03-14
45	100_mètres_nage_libre	Femme	50	1:06:6	18	 États-Unis	 Boston	1931-04-20
46	100_mètres_nage_libre	Femme	50	1:06:0	15	 Pays-Bas	 Anvers	1933-07-9
47	100_mètres_nage_libre	Femme	50	1:05:4	17	 Pays-Bas	 Amsterdam	1934-02-24
48	100_mètres_nage_libre	Femme	50	1:04:8	17	 Pays-Bas	 Rotterdam	1934-04-15
49	100_mètres_nage_libre	Femme	50	1:04:6	18	 Pays-Bas	 Amsterdam	1936-02-27
50	100_mètres_nage_libre	Femme	50	1:04:5	19	 Australie	 Sydney	1956-02-21
51	100_mètres_nage_libre	Femme	50	1:04:2		 Pays-Bas	 Amsterdam	1956-03-3
52	100_mètres_nage_libre	Femme	50	1:04:0		 Pays-Bas	 Schiedam	1956-04-14
53	100_mètres_nage_libre	Femme	50	1:03:3	19	 Australie	 Townsville	1956-08-25
54	100_mètres_nage_libre	Femme	50	1:03:2	18	 Australie	 Sydney	1956-10-25
55	100_mètres_nage_libre	Femme	50	1:02:4	18	 Australie	 Melbourne	1956-12-1
56	100_mètres_nage_libre	Femme	50	1:02:0	19	 Australie	 Melbourne	1956-12-1
57	100_mètres_nage_libre	Femme	50	1:01:5 	21	 Australie	 Melbourne	1958-02-18
58	100_mètres_nage_libre	Femme	50	1:01:4 	21	 Australie	 Cardiff	1958-07-21
59	100_mètres_nage_libre	Femme	50	1:01:2	21	 Australie	 Schiedam	1958-08-10
60	100_mètres_nage_libre	Femme	50	1:00:2 	23	 Australie	 Sydney	1960-02-23
61	100_mètres_nage_libre	Femme	50	1:00:0 	25	 Australie	 Melbourne	1962-10-23
62	100_mètres_nage_libre	Femme	50	59:9 	25	 Australie	 Melbourne	1962-10-27
63	100_mètres_nage_libre	Femme	50	59:5 	25	 Australie	 Perth	1962-11-24
64	100_mètres_nage_libre	Femme	50	58:9	27	 Australie	 Sydney	1964-02-29
65	100_mètres_nage_libre	Femme	50	58:9	15	 Australie	 Londres	1971-04-30
66	100_mètres_nage_libre	Femme	50	58:5	16	 Australie	 Sydney	1972-01-8
67	100_mètres_nage_libre	Femme	50	58:25	15	 Allemagne de l'Est	 Berlin	1973-07-13
68	100_mètres_nage_libre	Femme	50	58:12	15	 Allemagne de l'Est	 Utrecht	1973-08-18
69	100_mètres_nage_libre	Femme	50	57:61	15	 Allemagne de l'Est	 Belgrade	1973-09-8
70	100_mètres_nage_libre	Femme	50	57:54	15	 Allemagne de l'Est	 Belgrade	1973-09-9
71	100_mètres_nage_libre	Femme	50	57:51	16	 Allemagne de l'Est	 Rostock	1974-07-4
72	100_mètres_nage_libre	Femme	50	56:96	16	 Allemagne de l'Est	 Vienne	1974-08-19
73	100_mètres_nage_libre	Femme	50	56:38	17	 Allemagne de l'Est	 Dresde	1975-03-14
74	100_mètres_nage_libre	Femme	50	56:22	17	 Allemagne de l'Est	 Cali	1975-07-26
75	100_mètres_nage_libre	Femme	50	55:73	18	 Allemagne de l'Est	 Berlin	1976-06-6
76	100_mètres_nage_libre	Femme	50	55:65	18	 Allemagne de l'Est	 Montréal	1976-07-19
77	100_mètres_nage_libre	Femme	50	55:41	19	 Allemagne de l'Est	 Berlin	1978-07-5
78	100_mètres_nage_libre	Femme	50	54:98	21	 Allemagne de l'Est	 Moscou	1980-07-20
79	100_mètres_nage_libre	Femme	50	54:79	21	 Allemagne de l'Est	 Moscou	1980-07-21
80	100_mètres_nage_libre	Femme	50	54:73	20	 Allemagne de l'Est	 Madrid	1986-08-19
81	100_mètres_nage_libre	Femme	50	54:48	19	 États-Unis	 Indianapolis	1992-03-1
82	100_mètres_nage_libre	Femme	50	54:01	19	 Chine	 Rome	1994-09-5
83	100_mètres_nage_libre	Femme	50	53:80	27	 Pays-Bas	 Sheffield	2000-05-28
84	100_mètres_nage_libre	Femme	50	53:77	27	 Pays-Bas	 Sydney	2000-09-20
85	100_mètres_nage_libre	Femme	50	53:66	19	 Australie	 Sydney	2004-03-31
86	100_mètres_nage_libre	Femme	50	53:52	21	 Australie	 Athènes	2004-08-18
87	100_mètres_nage_libre	Femme	50	53:42	21	 Australie	 Melbourne	2006-01-31
88	100_mètres_nage_libre	Femme	50	53:30	23	 Allemagne	 Budapest	2006-08-2
89	100_mètres_nage_libre	Femme	50	52:99	22	 Australie	 Sydney	2007-04-3
90	100_mètres_nage_libre	Femme	50	52:88	23	 Australie	 Sydney	2008-03-27
91	100_mètres_nage_libre	Femme	50	52:85	26	 Allemagne	 Berlin	2009-06-25
92	100_mètres_nage_libre	Femme	50	52:56	26	 Allemagne	 Berlin	2009-06-27
93	100_mètres_nage_libre	Femme	50	52:22	26	 Allemagne	 Rome	2009-07-26
94	100_mètres_nage_libre	Femme	50	52:07	26	 Allemagne	 Rome	2009-07-31
95	100_mètres_nage_libre	Femme	50	52:06	24	 Australie	 Brisbane	2016-07-2
96	100_mètres_nage_libre	Femme	50	51:71	23	 Suède	 Budapest	2017-07-23
97	100_mètres_nage_libre	Femme	25	51:59	22	 Australie	 Glasgow	2014-07-29
98	100_mètres_nage_libre	Femme	25	52:70	16	 Canada	 Rio de Janeiro	2016-08-11
99	200_mètres_nage_libre	Femme	50	2:56:0	16	 États-Unis	 Manly	1905-03-4
100	200_mètres_nage_libre	Femme	50	2:47:6		 États-Unis	 New Brighton	1921-08-25
101	200_mètres_nage_libre	Femme	50	2:45:2	18	 États-Unis	 Brooklyn	1923-04-4
102	200_mètres_nage_libre	Femme	50	2:40:6 	16	 États-Unis	 Miami	1926-02-28
103	200_mètres_nage_libre	Femme	50	2:34:6	17	 États-Unis	 St. Augustine	1930-03-6
104	200_mètres_nage_libre	Femme	50	2:28:6	15	 Pays-Bas	 Rotterdam	1933-05-3
105	200_mètres_nage_libre	Femme	50	2:27:6 	16	 Pays-Bas	 Durdee	1934-05-5
106	200_mètres_nage_libre	Femme	50	2:25:3	17	 Pays-Bas	 Copenhague	1935-09-8
107	200_mètres_nage_libre	Femme	50	2:24:6		 Pays-Bas	 Rotterdam	1938-02-26
108	200_mètres_nage_libre	Femme	50	2:21:7	18	 Danemark	 Aarhus	1938-09-11
109	200_mètres_nage_libre	Femme	50	2:20:7	19	 Australie	 Sydney	1956-02-25
110	200_mètres_nage_libre	Femme	50	2:19:3	18	 Australie	 Townsville	1956-08-25
111	200_mètres_nage_libre	Femme	50	2:18:5	18	 Australie	 Sydney	1956-10-20
112	200_mètres_nage_libre	Femme	50	2:17:7 	21	 Australie	 Adélaïde	1958-02-10
113	200_mètres_nage_libre	Femme	50	2:14:7 	21	 Australie	 Melbourne	1958-02-22
114	200_mètres_nage_libre	Femme	50	2:11:6 	23	 Australie	 Sydney	1960-02-27
115	200_mètres_nage_libre	Femme	50	2:10:5		 États-Unis	 Lincoln	1966-08-19
116	200_mètres_nage_libre	Femme	50	2:09:7		 États-Unis	 Philadelphie	1967-08-19
117	200_mètres_nage_libre	Femme	50	2:09:5		 États-Unis	 Santa Clara	1968-07-6
118	200_mètres_nage_libre	Femme	50	2:08:8		 États-Unis	 Lincoln	1968-08-2
119	200_mètres_nage_libre	Femme	50	2:06:7	16	 États-Unis	 Los Angeles	1968-08-24
120	200_mètres_nage_libre	Femme	50	2:06:5	15	 Australie	 Londres	1971-05-1
121	200_mètres_nage_libre	Femme	50	2:05:8	15	 Australie	 Sydney	1971-11-26
122	200_mètres_nage_libre	Femme	50	2:05:21	15	 États-Unis	 Chicago	1972-08-4
123	200_mètres_nage_libre	Femme	50	2:03:56	16	 Australie	 Munich	1972-09-1
124	200_mètres_nage_libre	Femme	50	2:03:22	16	 Allemagne de l'Est	 Vienne	1974-08-22
125	200_mètres_nage_libre	Femme	50	2:02:94	17	 États-Unis	 Concord	1974-08-23
126	200_mètres_nage_libre	Femme	50	2:02:94	17	 États-Unis	 Concord	1974-08-31
127	200_mètres_nage_libre	Femme	50	2:02:27	17	 Allemagne de l'Est	 Dresde	1975-03-15
128	200_mètres_nage_libre	Femme	50	1:59:78	18	 Allemagne de l'Est	 Berlin	1976-06-2
129	200_mètres_nage_libre	Femme	50	1:59:26	18	 Allemagne de l'Est	 Montréal	1976-07-22
130	200_mètres_nage_libre	Femme	50	1:59:04	19	 Allemagne de l'Est	 Berlin-Est	1978-07-2
131	200_mètres_nage_libre	Femme	50	1:58:53	14	 États-Unis	 Berlin Ouest	1978-08-22
132	200_mètres_nage_libre	Femme	50	1:58:43	15	 États-Unis	 San Juan	1979-07-3
133	200_mètres_nage_libre	Femme	50	1:58:23	15	 États-Unis	 Tokyo	1979-09-3
134	200_mètres_nage_libre	Femme	50	1:57:75	18	 Allemagne de l'Est	 Magdebourg	1984-05-23
135	200_mètres_nage_libre	Femme	50	1:57:55	16	 Allemagne de l'Est	 Berlin-Est	1986-06-18
136	200_mètres_nage_libre	Femme	50	1:56:78	16	 Allemagne	 Rome	1994-09-6
137	200_mètres_nage_libre	Femme	50	1:56:64	24	 Allemagne	 Berlin	2002-08-3
138	200_mètres_nage_libre	Femme	50	1:56:47	19	 Italie	 Melbourne	2007-03-27
139	200_mètres_nage_libre	Femme	50	1:55:52	21	 France	 Melbourne	2007-03-28
140	200_mètres_nage_libre	Femme	50	1:55:45	20	 Italie	 Pékin	2008-08-11
141	200_mètres_nage_libre	Femme	50	1:54:82	20	 Italie	 Pékin	2008-08-13
142	200_mètres_nage_libre	Femme	50	1:54:47	21	 Italie	 Riccione	2009-03-8
143	200_mètres_nage_libre	Femme	50	1:53:67	21	 Italie	 Rome	2009-07-28
144	200_mètres_nage_libre	Femme	50	1:52:98	21	 Italie	 Rome	2009-07-29
145	200_mètres_nage_libre	Femme	25	1:58:83	21	 Pays-Bas	 Brême	1976-03-6
146	200_mètres_nage_libre	Femme	25	1:55:84	15	 Allemagne	 Beijing	1993-01-01
147	200_mètres_nage_libre	Femme	25	1:55:42	23	 Costa Rica		1995-01-01
148	200_mètres_nage_libre	Femme	25	1:54:17	25	 Costa Rica	 Göteborg	1997-04-18
149	200_mètres_nage_libre	Femme	25	1:54:04	26	 États-Unis	 Moscou	2002-04-7
150	200_mètres_nage_libre	Femme	25	1:53:29	20	 Australie	 Sydney	2005-11-19
151	200_mètres_nage_libre	Femme	25	1:53:18	21	 France	 Angers	2008-12-6
152	200_mètres_nage_libre	Femme	25	1:51:85	20	 Italie	 Rijeka	2008-12-14
153	200_mètres_nage_libre	Femme	25	1:51:17	21	 Italie	 Istanbul	2009-12-13
154	200_mètres_nage_libre	Femme	25	1:50:78	21	 Suède	 Doha	2014-12-7
155	400_mètres_nage_libre	Femme	50	6:30:2 	17	 États-Unis	 New York	1919-08-16
156	400_mètres_nage_libre	Femme	50	6:16:6		 Royaume-Uni	 Leeds	1921-07-29
157	400_mètres_nage_libre	Femme	50	5:53:2	16	 États-Unis	 Indianapolis	1922-08-4
158	400_mètres_nage_libre	Femme	50	5:51:4	17	 États-Unis	 Coral Gables	1927-01-23
159	400_mètres_nage_libre	Femme	50	5:49:6	18	 États-Unis	 New York	1928-06-30
160	400_mètres_nage_libre	Femme	50	5:42:8	18	 États-Unis	 Amsterdam	1928-08-6
161	400_mètres_nage_libre	Femme	50	5:39:2	18	 États-Unis	 Vienne	1928-08-27
162	400_mètres_nage_libre	Femme	50	5:31:0	18	 États-Unis	 Seattle	1931-02-3
163	400_mètres_nage_libre	Femme	50	5:28:5	19	 États-Unis	 Los Angeles	1932-08-13
164	400_mètres_nage_libre	Femme	50	5:16:0	16	 Pays-Bas	 Rotterdam	1934-07-12
165	400_mètres_nage_libre	Femme	50	5:14:2	17	 Danemark	 Copenhague	1937-02-10
166	400_mètres_nage_libre	Femme	50	5:14:0	17	 Danemark	 Gand	1937-10-3
167	400_mètres_nage_libre	Femme	50	5:12:4	17	 Danemark	 Magdebourg	1937-11-14
168	400_mètres_nage_libre	Femme	50	5:11:0	17	 Danemark	 Copenhague	1937-12-12
169	400_mètres_nage_libre	Femme	50	5:08:2	18	 Danemark	 Copenhague	1938-01-16
170	400_mètres_nage_libre	Femme	50	5:06:1	18	 Danemark	 Copenhague	1938-08-1
171	400_mètres_nage_libre	Femme	50	5:05:4	18	 Danemark	 Svendborg	1938-09-8
172	400_mètres_nage_libre	Femme	50	5:00:1	20	 Danemark	 Copenhague	1940-09-15
173	400_mètres_nage_libre	Femme	50	4:50:8	18	 Australie	 Townsville	1956-08-25
174	400_mètres_nage_libre	Femme	50	4:47:2	18	 Australie	 Sydney	1956-10-20
175	400_mètres_nage_libre	Femme	50	4:45:4 	16	 Australie	 Sydney	1960-09-9
176	400_mètres_nage_libre	Femme	50	4:44:5		 États-Unis	 Détroit	1960-08-5
177	400_mètres_nage_libre	Femme	50	4:42:0	18	 États-Unis	 Los Altos	1964-07-11
178	400_mètres_nage_libre	Femme	50	4:41:7	18	 États-Unis	 Los Altos	1964-08-1
179	400_mètres_nage_libre	Femme	50	4:39:5	18	 États-Unis	 New York	1964-08-31
180	400_mètres_nage_libre	Femme	50	4:39:2		 États-Unis	 Maumee	1965-08-14
181	400_mètres_nage_libre	Femme	50	4:38:0		 États-Unis	 Monaco	1965-08-26
182	400_mètres_nage_libre	Femme	50	4:36:8		 États-Unis	 Fort Lauderdale	1967-06-30
183	400_mètres_nage_libre	Femme	50	4:36:4		 États-Unis	 Santa Clara	1967-07-7
184	400_mètres_nage_libre	Femme	50	4:32:6	15	 États-Unis	 Winnipeg	1967-07-27
185	400_mètres_nage_libre	Femme	50	4:29:0	15	 États-Unis	 Philadelphie	1967-08-18
186	400_mètres_nage_libre	Femme	50	4:26:7	16	 États-Unis	 Lincoln	1968-08-1
187	400_mètres_nage_libre	Femme	50	4:24:5	16	 États-Unis	 Los Angeles	1968-08-25
188	400_mètres_nage_libre	Femme	50	4:24:3	18	 États-Unis	 Los Angeles	1970-08-20
189	400_mètres_nage_libre	Femme	50	4:22:6	17	 Australie	 Londres	1971-04-30
190	400_mètres_nage_libre	Femme	50	4:21:2	15	 Australie	 Santa Clara	1971-07-9
191	400_mètres_nage_libre	Femme	50	4:19:04	16	 Australie	 Munich	1972-08-30
192	400_mètres_nage_libre	Femme	50	4:18:07	16	 États-Unis	 Louisville	1973-08-22
193	400_mètres_nage_libre	Femme	50	4:17:33		 États-Unis	 Santa Clara	1974-06-28
194	400_mètres_nage_libre	Femme	50	4:15:77	17	 États-Unis	 Concord	1974-08-22
195	400_mètres_nage_libre	Femme	50	4:14:76	18	 États-Unis	 Long Beach	1975-06-20
196	400_mètres_nage_libre	Femme	50	4:11:69	17	 Allemagne de l'Est	 Berlin-Est	1976-06-3
197	400_mètres_nage_libre	Femme	50	4:09:89		 Allemagne de l'Est	 Montréal	1976-07-20
198	400_mètres_nage_libre	Femme	50	4:08:91		 Allemagne de l'Est	 Jönköping	1977-08-17
199	400_mètres_nage_libre	Femme	50	4:07:66	16	 États-Unis	 The Woodlands	1978-08-2
200	400_mètres_nage_libre	Femme	50	4:06:28	16	 Australie	 Berlin-Ouest	1978-08-24
201	400_mètres_nage_libre	Femme	50	4:05:45	16	 États-Unis	 Orlando	1987-12-20
202	400_mètres_nage_libre	Femme	50	4:03:85	17	 États-Unis	 Séoul	1988-09-22
203	400_mètres_nage_libre	Femme	50	4:03:03	20	 France	 Tours	2006-05-12
204	400_mètres_nage_libre	Femme	50	4:02:13	20	 France	 Budapest	2006-08-6
205	400_mètres_nage_libre	Femme	50	4:01:53	19	 Italie	 Eindhoven	2008-03-24
206	400_mètres_nage_libre	Femme	50	4:00:66	23	 Royaume-Uni	 Sheffield	2009-03-16
207	400_mètres_nage_libre	Femme	50	4:00:41	21	 Italie	 Pescara	2009-06-27
208	400_mètres_nage_libre	Femme	50	3:59:15	21	 Italie	 Rome	2009-07-26
209	400_mètres_nage_libre	Femme	50	3:58:86	17	 États-Unis	 Irvine	2014-08-9
210	400_mètres_nage_libre	Femme	50	3:58:37	17	 États-Unis	 Gold Coast	2014-08-23
211	400_mètres_nage_libre	Femme	50	3:56:46	19	 États-Unis	 Rio de Janeiro	2016-08-7
212	400_mètres_nage_libre	Femme	25	4:02:05	19	 Allemagne de l'Est	 Bonn	1987-02-8
213	400_mètres_nage_libre	Femme	25	4:00:03	25	 Costa Rica	 Göteborg	1997-04-18
214	400_mètres_nage_libre	Femme	25	3:59:53	27	 États-Unis	 Berlin	2003-01-26
215	400_mètres_nage_libre	Femme	25	3:56:79	19	 France	 Trieste	2005-12-10
216	400_mètres_nage_libre	Femme	25	3:56:09	20	 France	 Helsinki	2006-12-9
217	400_mètres_nage_libre	Femme	25	3:54:92	22	 Royaume-Uni	 Leeds	2009-08-8
218	400_mètres_nage_libre	Femme	25	3:54:85	23	 France	 Chartres	2012-11-24
219	400_mètres_nage_libre	Femme	25	3:54:52	22	 Espagne	 Berlin	2013-08-11
220	400_mètres_nage_libre	Femme	25	3:53:92	18	 Australie	 Hangzhou	2018-12-14
221	800_mètres_nage_libre	Femme	50	13:19:0 	13	 États-Unis	 Indianapolis	1919-08-17
222	800_mètres_nage_libre	Femme	50	12:58:2 		 États-Unis	 Détroit	1925-08-6
223	800_mètres_nage_libre	Femme	50	12:56:0 		 États-Unis	 Indianapolis	1925-08-15
224	800_mètres_nage_libre	Femme	50	12:47:2 	16	 États-Unis	 Philadelphie	1926-08-7
225	800_mètres_nage_libre	Femme	50	12:17:8	16	 États-Unis	 Massapequa	1927-07-31
226	800_mètres_nage_libre	Femme	50	12:03:8		 États-Unis	 Honolulu	1929-08-10
227	800_mètres_nage_libre	Femme	50	11:41:2 	17	 États-Unis	 Long Beach	1930-07-6
228	800_mètres_nage_libre	Femme	50	11:34:4 		 États-Unis	 Manhattan Beach	1935-07-21
229	800_mètres_nage_libre	Femme	50	11:11:7		 Danemark	 Copenhague	1936-07-3
230	800_mètres_nage_libre	Femme	50	10:52:5		 Danemark	 Copenhague	1941-08-13
231	800_mètres_nage_libre	Femme	50	10:42:4		 Hongrie	 Budapest	1953-06-28
232	800_mètres_nage_libre	Femme	50	10:30:9	18	 Australie	 Sydney	1956-01-14
233	800_mètres_nage_libre	Femme	50	10:27:3		 Pays-Bas	 Durban	1957-02-16
234	800_mètres_nage_libre	Femme	50	10:17:7 	14	 Australie	 Sydney	1958-01-9
235	800_mètres_nage_libre	Femme	50	10:16:2 	14	 Australie	 Melbourne	1958-02-20
236	800_mètres_nage_libre	Femme	50	10:11:8 	14	 Australie	 Townsville	1958-06-13
237	800_mètres_nage_libre	Femme	50	10:11:4 	15	 Australie	 Hobart	1959-02-19
238	800_mètres_nage_libre	Femme	50	9:55:6		 Suède	 Uppsala	1960-08-17
239	800_mètres_nage_libre	Femme	50	9:51:6		 États-Unis	 Los Altos	1962-08-26
240	800_mètres_nage_libre	Femme	50	9:47:3		 États-Unis	 Los Altos	1964-07-30
241	800_mètres_nage_libre	Femme	50	9:36:9		 États-Unis	 Los Angeles	1964-09-28
242	800_mètres_nage_libre	Femme	50	9:35:8	15	 États-Unis	 Santa Clara	1967-07-9
243	800_mètres_nage_libre	Femme	50	9:22:9	15	 États-Unis	 Winnipeg	1967-07-29
244	800_mètres_nage_libre	Femme	50	9:19:0	16	 États-Unis	 Los Angeles	1968-07-21
245	800_mètres_nage_libre	Femme	50	9:17:8	16	 États-Unis	 Lincoln	1968-08-4
246	800_mètres_nage_libre	Femme	50	9:10:4	16	 États-Unis	 Los Angeles	1968-08-28
247	800_mètres_nage_libre	Femme	50	9:09:1	16	 Australie	 Sydney	1970-03-1
248	800_mètres_nage_libre	Femme	50	9:02:4	16	 Australie	 Édimbourg	1970-07-18
249	800_mètres_nage_libre	Femme	50	8:59:4		 États-Unis	 Minsk	1971-09-10
250	800_mètres_nage_libre	Femme	50	8:58:1	15	 Australie	 Sydney	1971-12-3
251	800_mètres_nage_libre	Femme	50	8:53:83		 États-Unis	 Chicago	1972-08-6
252	800_mètres_nage_libre	Femme	50	8:53:68	15	 États-Unis	 Munich	1972-09-3
253	800_mètres_nage_libre	Femme	50	8:52:97	19	 Italie	 Belgrade	1973-09-9
254	800_mètres_nage_libre	Femme	50	8:50:1		 Australie	 Sydney	1974-01-5
255	800_mètres_nage_libre	Femme	50	8:47:5		 États-Unis	 Concord	1974-08-25
256	800_mètres_nage_libre	Femme	50	8:43:48		 Australie	 Londres	1975-03-31
257	800_mètres_nage_libre	Femme	50	8:40:68		 Allemagne de l'Est	 Berlin	1976-06-4
258	800_mètres_nage_libre	Femme	50	8:39:63		 États-Unis	 Long Beach	1976-06-21
259	800_mètres_nage_libre	Femme	50	8:37:14		 Allemagne de l'Est	 Montréal	1976-07-25
260	800_mètres_nage_libre	Femme	50	8:35:04		 Allemagne de l'Est	 Leipzig	1977-07-9
261	800_mètres_nage_libre	Femme	50	8:34:86		 Australie	 Brisbane	1978-01-6
262	800_mètres_nage_libre	Femme	50	8:31:30		 Australie	 Sydney	1978-01-21
263	800_mètres_nage_libre	Femme	50	8:30:53	16	 Australie	 Brisbane	1978-02-21
264	800_mètres_nage_libre	Femme	50	8:24:62	16	 Australie	 Edmonton	1978-08-5
265	800_mètres_nage_libre	Femme	50	8:22:44	16	 États-Unis	 Clovis	1987-07-27
266	800_mètres_nage_libre	Femme	50	8:19:53	18	 Allemagne de l'Est	 Strasbourg	1987-08-19
267	800_mètres_nage_libre	Femme	50	8:17:12	17	 États-Unis	 Orlando	1988-03-22
268	800_mètres_nage_libre	Femme	50	8:16:22	18	 États-Unis	 Tokyo	1989-08-20
269	800_mètres_nage_libre	Femme	50	8:14:10	19	 Royaume-Uni	 Pékin	2008-08-16
270	800_mètres_nage_libre	Femme	50	8:13:86	16	 États-Unis	 Barcelone	2013-08-3
271	800_mètres_nage_libre	Femme	50	8:11:00	17	 États-Unis	 Conroe	2014-06-22
272	800_mètres_nage_libre	Femme	50	8:07:39	18	 États-Unis	 Kazan	2015-08-8
273	800_mètres_nage_libre	Femme	50	8:06:68	18	 États-Unis	 Austin	2016-01-18
274	800_mètres_nage_libre	Femme	50	8:04:79	19	 États-Unis	 Rio de Janeiro	2016-08-12
275	800_mètres_nage_libre	Femme	25	8:15:34	19	 Allemagne de l'Est	 Bonn	1987-02-6
276	800_mètres_nage_libre	Femme	25	8:15:15	19	 Chine		2001-12-2
277	800_mètres_nage_libre	Femme	25	8:14:35	20	 Japon	 Tokyo	2002-04-2
278	800_mètres_nage_libre	Femme	25	8:13:35	22	 Japon	 Nishinomiya-shi	2004-01-24
279	800_mètres_nage_libre	Femme	25	8:11:25	19	 France	 Trieste	2005-12-9
280	800_mètres_nage_libre	Femme	25	8:9:68	19	 États-Unis	 Essen	2007-10-12
281	800_mètres_nage_libre	Femme	25	8:8:00	19	 États-Unis	 Essen	2007-10-14
282	800_mètres_nage_libre	Femme	25	8:4:53	21	 Italie	 Rijeka	2008-12-12
283	800_mètres_nage_libre	Femme	25	8:1:06	23	 France	 Angers	2012-11-16
284	800_mètres_nage_libre	Femme	25	7:59:34	22	 Espagne	 Berlin	2013-08-10
285	1500_mètres_nage_libre	Femme	50	25:06:6		 États-Unis	 Manhattan Beach	1922-08-19
286	1500_mètres_nage_libre	Femme	50	24:07:6		 États-Unis	 Coral Gables	1925-12-31
287	1500_mètres_nage_libre	Femme	50	24:00:2		 Royaume-Uni	 Exmouth	1926-09-15
288	1500_mètres_nage_libre	Femme	50	23:44:6	18	 États-Unis	 Massapequa	1927-07-28
289	1500_mètres_nage_libre	Femme	50	23:17:2	18	 États-Unis	 New York	1931-07-15
290	1500_mètres_nage_libre	Femme	50	22:36:7		 Danemark	 Copenhague	1936-06-26
291	1500_mètres_nage_libre	Femme	50	21:45:7		 Danemark	 Helsingor	1938-07-3
292	1500_mètres_nage_libre	Femme	50	21:10:1		 Danemark	 Helsingor	1940-08-11
293	1500_mètres_nage_libre	Femme	50	20:57:0		 Danemark	 Copenhague	1941-08-20
294	1500_mètres_nage_libre	Femme	50	20:46:5		 Pays-Bas	 Utrecht	1955-07-23
295	1500_mètres_nage_libre	Femme	50	20:22:8		 Pays-Bas	 Utrecht	1956-08-21
296	1500_mètres_nage_libre	Femme	50	20:03:1		 Pays-Bas	 Hilversum	1957-07-27
297	1500_mètres_nage_libre	Femme	50	19:25:7 	15	 Australie	 Sydney	1959-01-14
298	1500_mètres_nage_libre	Femme	50	19:23:6	15	 Suède	 Uppsala	1960-09-8
299	1500_mètres_nage_libre	Femme	50	19:02:8		 Suède	 Uppsala	1961-06-27
300	1500_mètres_nage_libre	Femme	50	18:44:0		 États-Unis	 Chicago	1962-08-16
301	1500_mètres_nage_libre	Femme	50	18:30:5		 États-Unis	 Los Altos	1964-07-30
302	1500_mètres_nage_libre	Femme	50	18:23:7		 États-Unis	 Los Altos	1965-08-12
303	1500_mètres_nage_libre	Femme	50	18:12:9		 États-Unis	 Lincoln	1966-08-21
304	1500_mètres_nage_libre	Femme	50	18:11:1	15	 États-Unis	 Santa Clara	1967-07-9
305	1500_mètres_nage_libre	Femme	50	17:50:2	15	 États-Unis	 Philadelphie	1967-08-20
306	1500_mètres_nage_libre	Femme	50	17:31:2	16	 États-Unis	 Los Angeles	1968-07-21
307	1500_mètres_nage_libre	Femme	50	17:19:9	17	 États-Unis	 Louisville	1969-08-17
308	1500_mètres_nage_libre	Femme	50	17:19:2		 États-Unis	 Houston	1971-08-28
309	1500_mètres_nage_libre	Femme	50	17:00:6	15	 Australie	 Sydney	1971-12-12
310	1500_mètres_nage_libre	Femme	50	16:56:90	17	 Australie	 Adélaïde	1973-02-11
311	1500_mètres_nage_libre	Femme	50	16:54:14		 États-Unis	 Louisville	1973-08-25
312	1500_mètres_nage_libre	Femme	50	16:49:90		 Australie	 Sydney	1973-12-9
313	1500_mètres_nage_libre	Femme	50	16:48:2		 Australie	 Sydney	1974-01-9
314	1500_mètres_nage_libre	Femme	50	16:43:4		 Australie	 Sydney	1974-07-13
315	1500_mètres_nage_libre	Femme	50	16:39:28		 Australie	 Los Angeles	1974-08-3
316	1500_mètres_nage_libre	Femme	50	16:33:94		 Australie	 Concord	1974-08-25
317	1500_mètres_nage_libre	Femme	50	16:24:60		 États-Unis	 Mission Viejo	1977-08-21
318	1500_mètres_nage_libre	Femme	50	16:14:93	16	 Australie	 Brisbane	1978-02-8
319	1500_mètres_nage_libre	Femme	50	16:06:63	17	 Australie	 Perth	1979-02-25
320	1500_mètres_nage_libre	Femme	50	16:04:49	17	 États-Unis	 Fort Lauderdale	1979-08-19
321	1500_mètres_nage_libre	Femme	50	16:00:73	16	 États-Unis	 Clovis	1987-07-31
322	1500_mètres_nage_libre	Femme	50	15:52:10	17	 États-Unis	 Orlando	1988-03-26
323	1500_mètres_nage_libre	Femme	50	15:42:54	19	 États-Unis	 Mission Viejo	2007-06-17
324	1500_mètres_nage_libre	Femme	50	15:36:53	16	 États-Unis	 Barcelone	2013-07-30
325	1500_mètres_nage_libre	Femme	50	15:34:23	17	 États-Unis	 Conroe	2014-06-19
326	1500_mètres_nage_libre	Femme	50	15:28:36	17	 États-Unis	 Gold Coast	2014-08-24
327	1500_mètres_nage_libre	Femme	50	15:27:71	18	 États-Unis	 Kazan	2015-08-3
328	1500_mètres_nage_libre	Femme	50	15:25:48	18	 États-Unis	 Kazan	2015-08-3
329	1500_mètres_nage_libre	Femme	50	15:20:48	21	 États-Unis	 Indianapolis	2018-05-16
330	1500_mètres_nage_libre	Femme	25	15:43:31	19	 Allemagne de l'Est	 Gainesville	1982-01-10
331	1500_mètres_nage_libre	Femme	25	15:42:39	18	 France	 La Roche-sur-Yon	2004-11-20
332	1500_mètres_nage_libre	Femme	25	15:32:90	19	 États-Unis	 Essen	2007-10-12
333	1500_mètres_nage_libre	Femme	25	15:28:65	21	 Danemark	 Birkerod	2009-11-29
334	1500_mètres_nage_libre	Femme	25	15:26:95	23	 Espagne	 Castellón	2013-11-29
335	1500_mètres_nage_libre	Femme	25	15:22:68	26	 Nouvelle-Zélande	 Wellington	2014-08-9
336	1500_mètres_nage_libre	Femme	25	15:19:71	24	 Espagne	 Sabadell	2014-12-12
337	50_mètres_dos	Femme	50	29:12	22	 Allemagne de l'Est	 Séoul	1988-09-22
338	50_mètres_dos	Femme	50	29:05	17	 Chine	 Tokyo	1989-08-18
339	50_mètres_dos	Femme	50	29:00	23	 Allemagne	 Monaco	1997-05-27
340	50_mètres_dos	Femme	50	28:90	25	 Allemagne	 Monaco	1999-06-12
341	50_mètres_dos	Femme	50	28:78	25	 Allemagne	 Monaco	1999-06-12
342	50_mètres_dos	Femme	50	28:71	25	 Allemagne	 Istanbul	1999-08-1
343	50_mètres_dos	Femme	50	28:69	23	 Espagne	 Madrid	2000-04-8
344	50_mètres_dos	Femme	50	28:67	21	 Japon	 Tokyo	2000-04-18
345	50_mètres_dos	Femme	50	28:25	26	 Allemagne	 Berlin	2000-06-16
346	50_mètres_dos	Femme	50	28:19	23	 Allemagne	 Berlin	2005-05-25
347	50_mètres_dos	Femme	50	28:16	22	 États-Unis	 Melbourne	2007-03-28
348	50_mètres_dos	Femme	50	28:16	22	 États-Unis	 Melbourne	2007-03-29
349	50_mètres_dos	Femme	50	28:09	22	 Chine	 Hyderabad	2007-10-19
350	50_mètres_dos	Femme	50	28:00	22	 États-Unis	 Austin	2008-03-7
351	50_mètres_dos	Femme	50	27:95	16	 Australie	 Sydney	2008-03-22
352	50_mètres_dos	Femme	50	27:67	24	 Australie	 Sydney	2008-03-23
353	50_mètres_dos	Femme	50	27:67	19	 Chine	 Shaoxing	2009-04-9
354	50_mètres_dos	Femme	50	27:48	19	 Russie	 Moscou	2009-04-28
355	50_mètres_dos	Femme	50	27:47	19	 Russie	 Moscou	2009-04-28
356	50_mètres_dos	Femme	50	27:56	19	 Russie	 Monaco	2009-01-01
357	50_mètres_dos	Femme	50	27:61	19	 Allemagne	 Berlin	2009-06-26
358	50_mètres_dos	Femme	50	27:39	25	 Allemagne	 Rome	2009-07-29
359	50_mètres_dos	Femme	50	27:38	19	 Russie	 Rome	2009-07-29
360	50_mètres_dos	Femme	50	27:06	18	 Chine	 Rome	2009-07-30
361	50_mètres_dos	Femme	50	26:98	22	 Chine	 Jakarta	2018-08-21
362	50_mètres_dos	Femme	25	28:33		 Allemagne	 Sheffield	1993-02-16
363	50_mètres_dos	Femme	25	28:26		 Allemagne	 Gateshead	1993-11-13
364	50_mètres_dos	Femme	25	27:93		 États-Unis	 Sabadell	1993-12-28
365	50_mètres_dos	Femme	25	27:64		 Chine	 Gênes	1994-03-12
366	50_mètres_dos	Femme	25	27:62		 Chine	 Malmö	1994-03-15
367	50_mètres_dos	Femme	25	27:27	24	 Allemagne	 Sheffield	1998-12-13
368	50_mètres_dos	Femme	25	27:25	20	 États-Unis	 Indianapolis	2000-03-17
369	50_mètres_dos	Femme	25	26:83	16	 Chine	 Shanghai	2001-12-2
370	50_mètres_dos	Femme	25	26:50	21	 Croatie	 Debrecen	2007-12-15
371	50_mètres_dos	Femme	25	26:37	22	 Croatie	 Manchester	2008-04-13
372	50_mètres_dos	Femme	25	26:23	22	 Croatie	 Rijeka	2008-12-13
373	50_mètres_dos	Femme	25	26:17	23	 Australie	 Moscou	2009-11-6
374	50_mètres_dos	Femme	25	26:08	19	 Chine	 Stockholm	2009-11-10
375	50_mètres_dos	Femme	25	25:82	19	 Chine	 Stockholm	2009-11-10
376	50_mètres_dos	Femme	25	25:70	23	 Croatie	 Istanbul	2009-12-12
377	50_mètres_dos	Femme	25	25:67	23	 Brésil	 Doha	2014-12-7
378	50_mètres_brasse	Femme	50	31:58	23	 Allemagne de l'Est	 Séoul	1988-09-23
379	50_mètres_brasse	Femme	50	30:95	24	 Afrique du Sud	 New York	1998-07-26
380	50_mètres_brasse	Femme	50	30:83	25	 Afrique du Sud	 Sydney	1999-08-28
381	50_mètres_brasse	Femme	50	30:57	26	 Royaume-Uni	 Manchester	2002-07-30
382	50_mètres_brasse	Femme	50	30:45	23	 Australie	 Montréal	2005-07-31
383	50_mètres_brasse	Femme	50	30:31	24	 Australie	 Melbourne	2006-01-30
384	50_mètres_brasse	Femme	50	30:23	17	 Russie	 Moscou	2009-04-28
385	50_mètres_brasse	Femme	50	30:05	17	 Russie	 Moscou	2009-04-28
386	50_mètres_brasse	Femme	50	30:23	16	 Canada	 Montréal	2009-07-8
387	50_mètres_brasse	Femme	50	30:09	17	 Russie	 Rome	2009-08-2
388	50_mètres_brasse	Femme	50	29:95	22	 États-Unis	 Federal Way	2009-08-6
389	50_mètres_brasse	Femme	50	29:80	22	 États-Unis	 Federal Way	2009-08-7
390	50_mètres_brasse	Femme	50	29:78	21	 Russie	 Barcelone	2013-08-3
391	50_mètres_brasse	Femme	50	29:48	16	 Lituanie	 Barcelone	2013-08-3
392	50_mètres_brasse	Femme	50	29:40	20	 États-Unis	 Budapest	2017-07-30
393	50_mètres_brasse	Femme	25	31:22		 Allemagne	 Paris	1992-02-7
394	50_mètres_brasse	Femme	25	31:19	18	 Suède	 Espoo	1992-11-21
395	50_mètres_brasse	Femme	25	31:11		 Chine	 Hong Kong	1996-01-7
396	50_mètres_brasse	Femme	25	30:98		 Chine	 Beijing	1996-01-11
397	50_mètres_brasse	Femme	25	30:88		 Chine	 Glasgow	1997-01-29
398	50_mètres_brasse	Femme	25	30:77		 Chine	 Gelsenkirchen	1997-02-2
399	50_mètres_brasse	Femme	25	30:60	24	 Afrique du Sud	 Durban	1999-09-26
400	50_mètres_brasse	Femme	25	30:56	17	 Chine	 Shanghai	2001-12-3
401	50_mètres_brasse	Femme	25	30:56		 Chine	 Shanghai	2001-12-3
402	50_mètres_brasse	Femme	25	30:56	21	 Suède	 Anvers	2001-12-13
403	50_mètres_brasse	Femme	25	30:53	26	 Royaume-Uni	 Durban	2002-01-4
404	50_mètres_brasse	Femme	25	30:51	26	 Royaume-Uni	 Imperia	2002-01-16
405	50_mètres_brasse	Femme	25	30:47	18	 Chine	 Paris	2002-01-19
406	50_mètres_brasse	Femme	25	30:43	22	 Suède	 Stockholm	2002-01-23
407	50_mètres_brasse	Femme	25	30:31	26	 Royaume-Uni	 Berlin	2002-01-27
408	50_mètres_brasse	Femme	25	30:24	22	 Suède		2002-03-14
409	50_mètres_brasse	Femme	25	29:96	22	 Suède	 Moscou	2002-04-4
410	50_mètres_brasse	Femme	25	29:96	22	 Australie	 Brisbane	2004-09-25
411	50_mètres_brasse	Femme	25	29:90	22	 Australie	 Brisbane	2004-09-26
412	50_mètres_brasse	Femme	25	29:58	21	 États-Unis	 Manchester	2008-04-10
413	50_mètres_brasse	Femme	25	29:45	22	 États-Unis	 Durban	2009-10-17
414	50_mètres_brasse	Femme	25	29:36	22	 États-Unis	 Moscou	2009-11-7
415	50_mètres_brasse	Femme	25	28:96	22	 États-Unis	 Stockholm	2009-11-11
416	50_mètres_brasse	Femme	25	28:80	22	 États-Unis	 Berlin	2009-11-15
417	50_mètres_brasse	Femme	25	28:71	21	 Russie	 Tokyo	2013-11-10
418	100_mètres_brasse	Femme	50	1:20:3		 Allemagne de l'Est	 Berlin-Est	1958-07-20
419	100_mètres_brasse	Femme	50	1:19:6		 Allemagne de l'Est	 Leipzig	1958-09-12
420	100_mètres_brasse	Femme	50	1:19:1		 Allemagne de l'Ouest	 Zurich	1960-03-12
421	100_mètres_brasse	Femme	50	1:19:0		 Allemagne de l'Est	 Leipzig	1960-07-14
422	100_mètres_brasse	Femme	50	1:18:2		 Allemagne de l'Est	 Rostock	1961-07-1
423	100_mètres_brasse	Femme	50	1:17:9		 États-Unis	 Los Angeles	1964-07-11
424	100_mètres_brasse	Femme	50	1:17:2		 Union soviétique	 Moscou	1964-09-3
425	100_mètres_brasse	Femme	50	1:16:5		 Union soviétique	 Tachkent	1965-05-11
426	100_mètres_brasse	Femme	50	1:15:7		 Union soviétique	 Leningrad	1966-07-17
427	100_mètres_brasse	Femme	50	1:15:6		 États-Unis	 Fort Lauderdale	1966-12-28
428	100_mètres_brasse	Femme	50	1:15:6		 États-Unis	 Santa Clara	1967-07-7
429	100_mètres_brasse	Femme	50	1:14:8		 États-Unis	 Winnipeg	1967-07-31
430	100_mètres_brasse	Femme	50	1:14:6		 États-Unis	 Philadelphie	1967-08-19
431	100_mètres_brasse	Femme	50	1:14:2		 États-Unis	 Los Angeles	1968-08-25
432	100_mètres_brasse	Femme	50	1:13:58		 États-Unis	 Munich	1972-09-2
433	100_mètres_brasse	Femme	50	1:12:91		 Allemagne de l'Est	 Vienne	1974-08-22
434	100_mètres_brasse	Femme	50	1:12:55		 Allemagne de l'Ouest	 Vienne	1974-08-23
435	100_mètres_brasse	Femme	50	1:12:28	19	 Allemagne de l'Est	 Concord	1974-09-1
436	100_mètres_brasse	Femme	50	1:11:93	14	 Allemagne de l'Est	 Berlin-Est	1976-06-2
437	100_mètres_brasse	Femme	50	1:11:11	19	 Allemagne de l'Est	 Montréal	1976-07-22
438	100_mètres_brasse	Femme	50	1:10:86	19	 Allemagne de l'Est	 Montréal	1976-07-22
439	100_mètres_brasse	Femme	50	1:10:31	14	 Union soviétique	 Berlin-Ouest	1978-08-22
440	100_mètres_brasse	Femme	50	1:10:20	16	 Allemagne de l'Est	 Magdeburg	1980-05-26
441	100_mètres_brasse	Femme	50	1:10:11	16	 Allemagne de l'Est	 Moscou	1980-07-24
442	100_mètres_brasse	Femme	50	1:09:52	17	 Allemagne de l'Est	Gera	1981-04-9
443	100_mètres_brasse	Femme	50	1:07:46	22	 Afrique du Sud	 Durban	1996-03-4
444	100_mètres_brasse	Femme	50	1:07:02	22	 Afrique du Sud	 Atlanta	1996-07-21
445	100_mètres_brasse	Femme	50	1:06:99	25	 Afrique du Sud	 Los Angeles	1999-07-18
446	100_mètres_brasse	Femme	50	1:06:95	25	 Afrique du Sud	 Los Angeles	1999-07-18
447	100_mètres_brasse	Femme	50	1:06:52	25	 Afrique du Sud	 Sydney	1999-08-23
448	100_mètres_brasse	Femme	50	1:06:37	18	 Australie	 Barcelone	2003-07-21
449	100_mètres_brasse	Femme	50	1:06:20	18	 États-Unis	 Montréal	2005-07-25
450	100_mètres_brasse	Femme	50	1:05:71	21	 Australie	 Melbourne	2006-02-3
451	100_mètres_brasse	Femme	50	1:05:09	21	 Australie	 Melbourne	2006-03-20
452	100_mètres_brasse	Femme	50	1:04:84	22	 États-Unis	 Rome	2009-07-27
453	100_mètres_brasse	Femme	50	1:04:45	22	 États-Unis	 Federal Way	2009-08-7
454	100_mètres_brasse	Femme	50	1:04:35	16	 Lituanie	 Barcelone	2013-07-29
455	100_mètres_brasse	Femme	50	1:04:13	20	 États-Unis	 Budapest	2017-07-25
456	100_mètres_brasse	Femme	25	1:11:01		 Allemagne de l'Est	 Brême	1976-03-6
457	100_mètres_brasse	Femme	25	1:07:47		 États-Unis		1981-01-01
458	100_mètres_brasse	Femme	25	1:05:70	23	 Australie	 Rio de Janeiro	1995-12-1
459	100_mètres_brasse	Femme	25	1:05:57	25	 Afrique du Sud	 Johannesburg	1999-09-5
460	100_mètres_brasse	Femme	25	1:05:40	25	 Afrique du Sud	 Durban	1999-09-26
461	100_mètres_brasse	Femme	25	1:05:38	22	 Suède	 Moscou	2002-04-6
462	100_mètres_brasse	Femme	25	1:05:29	23	 Suède	 Stockholm	2003-03-15
463	100_mètres_brasse	Femme	25	1:05:11	23	 Suède	 Stockholm	2003-03-16
464	100_mètres_brasse	Femme	25	1:05:09	18	 Australie	 Melbourne	2003-11-28
465	100_mètres_brasse	Femme	25	1:04:79	22	 États-Unis	 College Station	2004-03-19
466	100_mètres_brasse	Femme	25	1:04:12	21	 Australie	 Hobart	2006-08-27
467	100_mètres_brasse	Femme	25	1:03:86	21	 Australie	 Hobart	2006-08-28
468	100_mètres_brasse	Femme	25	1:03:72	23	 Australie	 Canberra	2008-04-25
469	100_mètres_brasse	Femme	25	1:03:00	24	 Australie	 Berlin	2009-11-14
470	100_mètres_brasse	Femme	25	1:02:70	22	 États-Unis	 Manchester	2009-12-19
471	100_mètres_brasse	Femme	25	1:02:36	16	 Lituanie	 Moscou	2013-10-12
472	100_mètres_brasse	Femme	25	 1:02:36	26	 Jamaïque	 Doha	2014-12-6
473	200_mètres_brasse	Femme	50	2:46:4		 Pays-Bas	 Naarden	1956-11-13
474	200_mètres_brasse	Femme	50	2:52:5 		 Pays-Bas	 Blackpool	1957-05-18
475	200_mètres_brasse	Femme	50	2:51:9		 Pays-Bas	 Rhenen	1957-08-3
476	200_mètres_brasse	Femme	50	2:51:3		 Pays-Bas	 Rhenen	1957-08-4
477	200_mètres_brasse	Femme	50	2:50:3		 Royaume-Uni	 Waalwijk	1959-07-25
478	200_mètres_brasse	Femme	50	2:50:2		 Allemagne de l'Ouest	 Aix-la-Chapelle	1960-06-6
479	200_mètres_brasse	Femme	50	2:49:5		 Royaume-Uni	 Rome	1960-08-27
480	200_mètres_brasse	Femme	50	2:48:0		 Allemagne de l'Est	 Budapest	1961-08-5
481	200_mètres_brasse	Femme	50	2:47:7 		 Union soviétique	 Blackpool	1964-04-11
482	200_mètres_brasse	Femme	50	2:45:4		 Union soviétique	 Berlin	1964-05-17
483	200_mètres_brasse	Femme	50	2:45:3		 Union soviétique	 Groningen	1964-09-12
484	200_mètres_brasse	Femme	50	2:40:8		 Union soviétique	 Utrecht	1966-08-22
485	200_mètres_brasse	Femme	50	2:40:5		 États-Unis	 Santa Clara	1967-09-9
486	200_mètres_brasse	Femme	50	2:39:5		 États-Unis	 Philadelphie	1967-08-20
487	200_mètres_brasse	Femme	50	2:38:5		 États-Unis	 Los Angeles	1968-08-26
488	200_mètres_brasse	Femme	50	2:37:89		 Allemagne de l'Est	 Rostock	1974-07-6
489	200_mètres_brasse	Femme	50	2:37:44		 Allemagne de l'Est	 Vienne	1974-08-19
490	200_mètres_brasse	Femme	50	2:34:99		 Allemagne de l'Est	 Vienne	1974-08-19
491	200_mètres_brasse	Femme	50	2:33:35		 Union soviétique	 Montréal	1976-07-21
492	200_mètres_brasse	Femme	50	2:33:32		 Union soviétique	 Leningrad	1978-04-7
493	200_mètres_brasse	Femme	50	2:33:11		 Union soviétique	 Berlin-Ouest	1978-08-24
494	200_mètres_brasse	Femme	50	2:31:42		 Union soviétique	 Berlin-Ouest	1978-08-24
495	200_mètres_brasse	Femme	50	2:31:09		 Union soviétique	 Minsk	1979-03-30
496	200_mètres_brasse	Femme	50	2:28:36		 Union soviétique	 Potsdam	1979-04-6
497	200_mètres_brasse	Femme	50	2:28:33	20	 Allemagne de l'Est	 Leipzig	1985-06-5
498	200_mètres_brasse	Femme	50	2:28:20	17	 Allemagne de l'Est	 Leningrad	1986-03-1
499	200_mètres_brasse	Femme	50	2:27:40	21	 Allemagne de l'Est	 Madrid	1986-08-18
500	200_mètres_brasse	Femme	50	2:27:27		 Canada	 Montréal	1988-05-28
501	200_mètres_brasse	Femme	50	2:26:71	23	 Allemagne de l'Est	 Séoul	1988-09-21
502	200_mètres_brasse	Femme	50	2:25:92	16	 États-Unis	 Indianapolis	1992-03-2
503	200_mètres_brasse	Femme	50	2:25:35	16	 États-Unis	 Indianapolis	1992-03-2
504	200_mètres_brasse	Femme	50	2:24:76	16	 Australie	 Brisbane	1994-03-16
505	200_mètres_brasse	Femme	50	2:24:69	25	 Afrique du Sud	 Los Angeles	1999-07-17
506	200_mètres_brasse	Femme	50	2:24:51	25	 Afrique du Sud	 Los Angeles	1999-07-17
507	200_mètres_brasse	Femme	50	2:24:42	25	 Afrique du Sud	 Sydney	1999-08-26
508	200_mètres_brasse	Femme	50	2:23:64	25	 Afrique du Sud	 Sydney	1999-08-27
509	200_mètres_brasse	Femme	50	2:23:02	16	 Chine	 Hangzhou	2001-04-16
510	200_mètres_brasse	Femme	50	2:23:02	22	 États-Unis	 Barcelone	2003-07-25
511	200_mètres_brasse	Femme	50	2:22:96	19	 Australie	 Brisbane	2004-07-10
512	200_mètres_brasse	Femme	50	2:22:44	23	 États-Unis	 Long Beach	2004-07-12
513	200_mètres_brasse	Femme	50	2:21:72	20	 Australie	 Montréal	2005-07-29
514	200_mètres_brasse	Femme	50	2:21:54	21	 Australie	 Melbourne	2006-02-1
515	200_mètres_brasse	Femme	50	2:20:22	21	 États-Unis	 Pékin	2008-08-15
516	200_mètres_brasse	Femme	50	2:20:12	25	 Canada	 Rome	2009-07-30
517	200_mètres_brasse	Femme	50	2:20:00	25	 États-Unis	 Londres	2012-08-1
518	200_mètres_brasse	Femme	50	2:19:59	25	 États-Unis	 Londres	2012-08-2
519	200_mètres_brasse	Femme	50	2:19:11 battu	24	 Danemark	 Barcelone	2013-08-1
520	200_mètres_brasse	Femme	25	2:32 s42		 Allemagne de l'Est	 Rostock	1976-02-21
522	200_mètres_brasse	Femme	25	2:27:32	18	 États-Unis	 Boulogne-Billancourt	1981-01-01
523	200_mètres_brasse	Femme	25	2:26:17		 Allemagne de l'Est		1982-01-01
524	200_mètres_brasse	Femme	25	2:22:89		 Chine		1993-01-01
525	200_mètres_brasse	Femme	25	2:21:99		 Chine		1993-01-01
526	200_mètres_brasse	Femme	25	2:20:85	23	 Australie		1995-01-01
527	200_mètres_brasse	Femme	25	2:20:22	15	 Japon	 Hong Kong	1999-04-2
528	200_mètres_brasse	Femme	25	2:19:25	16	 Chine	 Paris	2001-01-01
529	200_mètres_brasse	Femme	25	2:18:86	17	 Chine	 Shanghai	2002-12-2
530	200_mètres_brasse	Femme	25	2:17:75	18	 Australie	 Melbourne	2003-01-01
531	200_mètres_brasse	Femme	25	2:17:50	25	 Canada	 Toronto	2009-03-14
532	200_mètres_brasse	Femme	25	2:16:83	26	 Canada	 Leeds	2009-08-7
533	200_mètres_brasse	Femme	25	2:15:42	24	 Australie	 Berlin	2009-11-15
534	200_mètres_brasse	Femme	25	2:14:57	22	 États-Unis	 Manchester	2009-12-18
535	200_mètres_brasse	Femme	25	2:14:39	21	 Russie	 Herning	2013-12-13
536	50_mètres_papillon	Femme	50	27:54	20	 France	 Séoul	1988-09-23
537	50_mètres_papillon	Femme	50	27:30	20	 Chine	 Perth	1991-01-6
538	50_mètres_papillon	Femme	50	27:30	29	 États-Unis	 Indianapolis	1996-03-9
539	50_mètres_papillon	Femme	50	26:55	23	 États-Unis	 Phoenix	1996-05-17
540	50_mètres_papillon	Femme	50	26:54	26	 Pays-Bas	 Amersfoort	1999-06-18
541	50_mètres_papillon	Femme	50	26:39	19	 Suède	 Jönköping	1999-07-15
542	50_mètres_papillon	Femme	50	26:29	19	 Suède	 Istanbul	1999-07-27
543	50_mètres_papillon	Femme	50	25:83	27	 Pays-Bas	 Monaco	2000-05-20
544	50_mètres_papillon	Femme	50	25:64	27	 Pays-Bas	 Sheffield	2000-05-26
545	50_mètres_papillon	Femme	50	25:57	22	 Suède	 Berlin	2002-07-30
546	50_mètres_papillon	Femme	50	25:46	30	 Suède	 Barcelone	2007-06-13
547	50_mètres_papillon	Femme	50	25:44	32	 Suède	 Sydney	2009-03-16
548	50_mètres_papillon	Femme	50	25:33	30	 Pays-Bas	 Amsterdam	2009-04-19
549	50_mètres_papillon	Femme	50	25:28	30	 Pays-Bas	 Rome	2009-07-31
550	50_mètres_papillon	Femme	50	25:07	32	 Suède	 Rome	2009-07-31
551	50_mètres_papillon	Femme	50	24:43	20	 Suède	 Borås	2014-07-5
552	50_mètres_papillon	Femme	25	26:93	17	 Australie	 Canberra	1993-07-22
553	50_mètres_papillon	Femme	25	26:73	24	 États-Unis	 Espoo	1995-02-1
554	50_mètres_papillon	Femme	25	26:56	19	 Australie	 Sheffield	1995-02-12
555	50_mètres_papillon	Femme	25	26:55	18	 États-Unis	 Göteborg	1997-04-19
556	50_mètres_papillon	Femme	25	26:48	24	 États-Unis	 Göteborg	1997-11-30
557	50_mètres_papillon	Femme	25	26:05	25	 États-Unis	 College Park	1998-12-2
558	50_mètres_papillon	Femme	25	26:00	26	 États-Unis	 College Park	1999-11-18
559	50_mètres_papillon	Femme	25	25:64	19	 Suède	 Lisbonne	1999-12-10
560	50_mètres_papillon	Femme	25	25:60	20	 Suède	 Valence	2000-12-15
561	50_mètres_papillon	Femme	25	25:36	21	 Suède	 Stockholm	2001-01-25
562	50_mètres_papillon	Femme	25	25:33	25	 Suède	 Göteborg	2005-03-12
563	50_mètres_papillon	Femme	25	25:32	23	 Australie	 Manchester	2008-04-11
564	50_mètres_papillon	Femme	25	25:31	31	 Suède	 Stockholm	2008-11-12
565	50_mètres_papillon	Femme	25	24:99	22	 Australie	 Berlin	2008-11-16
566	50_mètres_papillon	Femme	25	24:75	32	 Suède	 Durban	2009-10-17
567	50_mètres_papillon	Femme	25	24:46	32	 Suède	 Stockholm	2009-11-11
568	50_mètres_papillon	Femme	25	24:38	32	 Suède	 Singapour	2009-11-22
569	100_mètres_papillon	Femme	50	1:16:6		 Allemagne de l'Est	 Turin	1954-08-31
570	100_mètres_papillon	Femme	50	1:14:0		 États-Unis	 Richmond	1954-09-4
571	100_mètres_papillon	Femme	50	1:13:8		 Pays-Bas	 Alkmaar	1955-04-16
572	100_mètres_papillon	Femme	50	1:13:7		 Pays-Bas	 Naarden	1955-06-14
573	100_mètres_papillon	Femme	50	1:13:2		 Pays-Bas	Alger	1955-08-28
574	100_mètres_papillon	Femme	50	1:13:1		 Pays-Bas	 Vlaardingen	1955-09-21
575	100_mètres_papillon	Femme	50	1:11:9		 Pays-Bas	 Velsen	1956-02-5
576	100_mètres_papillon	Femme	50	1:11:8		 États-Unis	 Tyler	1956-07-7
577	100_mètres_papillon	Femme	50	1:10:5		 Pays-Bas	 Hilversum	1956-11-12
578	100_mètres_papillon	Femme	50	1:10:5		 Pays-Bas	 Rhenes	1957-08-4
579	100_mètres_papillon	Femme	50	1:09:6		 États-Unis	 Los Angeles	1958-06-28
580	100_mètres_papillon	Femme	50	1:09:1		 États-Unis	 Chicago	1959-09-2
581	100_mètres_papillon	Femme	50	1:08:9		 Australie	 Tokyo	1961-04-2
582	100_mètres_papillon	Femme	50	1:08:8		 Canada	 Philadelphie	1961-08-12
583	100_mètres_papillon	Femme	50	1:08:2		 États-Unis	 Philadelphie	1961-08-12
584	100_mètres_papillon	Femme	50	1:07:8		 États-Unis	 Philadelphie	1962-08-2
585	100_mètres_papillon	Femme	50	1:07:3 		 Canada	 Vancouver	1962-07-28
586	100_mètres_papillon	Femme	50	1:06:5		 États-Unis	 Caroline du Nord	1963-08-16
587	100_mètres_papillon	Femme	50	1:06:1		 Pays-Bas	 Soestduinen	1963-09-1
588	100_mètres_papillon	Femme	50	1:05:1 		 Pays-Bas	 Blackpool	1964-05-30
589	100_mètres_papillon	Femme	50	1:04:7		 États-Unis	 Tokyo	1964-10-16
590	100_mètres_papillon	Femme	50	1:04:5		 Pays-Bas	 Budapest	1964-08-14
591	100_mètres_papillon	Femme	50	1:04:1		 États-Unis	 Los Angeles	1970-08-20
592	100_mètres_papillon	Femme	50	1:03:9		 Japon	 Tokyo	1972-07-21
593	100_mètres_papillon	Femme	50	1:03:80		 Hongrie	 Munich	1972-08-31
594	100_mètres_papillon	Femme	50	1:03:34		 Japon	 Munich	1972-09-1
595	100_mètres_papillon	Femme	50	1:03:05	15	 Allemagne de l'Est	 Berlin	1973-04-14
596	100_mètres_papillon	Femme	50	1:02:31	15	 Allemagne de l'Est	 Berlin	1973-07-14
597	100_mètres_papillon	Femme	50	1:02:09		 Allemagne de l'Est	 Vienne	1974-08-21
598	100_mètres_papillon	Femme	50	1:01:99		 Allemagne de l'Est	 Vienne	1974-08-22
599	100_mètres_papillon	Femme	50	1:01:88		 Allemagne de l'Est	 Concord	1974-09-1
600	100_mètres_papillon	Femme	50	1:01:33	17	 Allemagne de l'Est	 Wittenberg	1975-06-9
601	100_mètres_papillon	Femme	50	1:01:24	17	 Allemagne de l'Est	 Cali	1975-07-24
602	100_mètres_papillon	Femme	50	1:00:13	18	 Allemagne de l'Est	 Berlin-Est	1976-06-4
603	100_mètres_papillon	Femme	50	1:00:13	18	 Allemagne de l'Est	 Montréal	1976-07-22
604	100_mètres_papillon	Femme	50	59:78		 Allemagne de l'Est	 Berlin-Est	1977-08-28
605	100_mètres_papillon	Femme	50	59:46	17	 Allemagne de l'Est	 Berlin-Est	1978-07-3
606	100_mètres_papillon	Femme	50	59:26	16	 États-Unis	 Austin	1980-04-11
607	100_mètres_papillon	Femme	50	57:93	17	 États-Unis	 Brown Deer	1981-08-16
608	100_mètres_papillon	Femme	50	57:88	26	 États-Unis	 Sydney	1999-08-23
609	100_mètres_papillon	Femme	50	56:69	27	 Pays-Bas	 Sheffield	2000-05-25
610	100_mètres_papillon	Femme	50	56:64	27	 Pays-Bas	 Federal Way	2000-07-24
611	100_mètres_papillon	Femme	50	56:61	27	 Pays-Bas	 Sydney	2000-09-17
612	100_mètres_papillon	Femme	50	56:44	16	 Suède	 Rome	2009-07-26
613	100_mètres_papillon	Femme	50	56:06	16	 Suède	 Rome	2009-07-27
614	100_mètres_papillon	Femme	50	55:98	24	 États-Unis	 Londres	2012-07-29
615	100_mètres_papillon	Femme	50	55:74	21	 Suède	 Kazan	2015-08-2
616	100_mètres_papillon	Femme	50	55:64	21	 Suède	 Kazan	2015-08-3
617	100_mètres_papillon	Femme	50	55:48	22	 Suède	 Rio de Janeiro	2016-08-7
618	100_mètres_papillon	Femme	25	58:73	22	 États-Unis		1995-01-01
619	100_mètres_papillon	Femme	25	58:68	19	 Chine	 Rio de Janeiro	1995-12-2
620	100_mètres_papillon	Femme	25	58:56	19	 Australie		1995-01-01
621	100_mètres_papillon	Femme	25	58:29	17	 États-Unis	 Sainte-Foy	1996-12-1
622	100_mètres_papillon	Femme	25	58:24	15	 Japon	 Tokyo	1997-03-28
623	100_mètres_papillon	Femme	25	57:79	24	 États-Unis	 Göteborg	1997-04-19
624	100_mètres_papillon	Femme	25	56:90	25	 États-Unis	 College Station	1998-12-1
625	100_mètres_papillon	Femme	25	56:80	27	 États-Unis	 Paris	2000-02-12
626	100_mètres_papillon	Femme	25	56:56	27	 États-Unis	 Athènes	2000-03-18
627	100_mètres_papillon	Femme	25	56:55	26	 Slovaquie	 Berlin	2002-01-26
628	100_mètres_papillon	Femme	25	56:34	20	 États-Unis	 New York	2002-11-22
629	100_mètres_papillon	Femme	25	55:95	21	 Australie	 Hobart	2006-08-28
630	100_mètres_papillon	Femme	25	55:89	23	 Australie	 Manchester	2008-04-13
631	100_mètres_papillon	Femme	25	55:74	23	 Australie	 Canberra	2008-04-26
632	100_mètres_papillon	Femme	25	55:68	23	 Australie	 Hobart	2009-08-12
633	100_mètres_papillon	Femme	25	55:46	24	 Australie	 Stockholm	2009-11-10
634	100_mètres_papillon	Femme	25	55:05	30	 France	 Istanbul	2009-12-12
635	100_mètres_papillon	Femme	25	54:61	21	 Suède	 Doha	2014-12-7
636	200_mètres_papillon	Femme	50	2:42:3		 Pays-Bas	 Naarden	1956-12-12
637	200_mètres_papillon	Femme	50	2:38:1		 Pays-Bas	 Naarden	1957-03-19
638	200_mètres_papillon	Femme	50	2:40:5		 États-Unis	 Los Angeles	1958-06-29
639	200_mètres_papillon	Femme	50	2:38:9		 Pays-Bas	 Naarden	1958-09-13
640	200_mètres_papillon	Femme	50	2:37:0 		 États-Unis	 Redding	1959-07-19
641	200_mètres_papillon	Femme	50	2:34:4		 Pays-Bas	 Leipzig	1960-06-12
642	200_mètres_papillon	Femme	50	2:32:8		 États-Unis	 Philadelphie	1961-08-13
643	200_mètres_papillon	Femme	50	2:31:2		 États-Unis	 Chicago	1962-08-19
644	200_mètres_papillon	Femme	50	2:30:7		 États-Unis	 Los Altos	1962-08-25
645	200_mètres_papillon	Femme	50	2:29:1		 États-Unis	 Philadelphie	1963-07-27
646	200_mètres_papillon	Femme	50	2:28:1		 États-Unis	 Los Angeles	1964-07-12
647	200_mètres_papillon	Femme	50	2:26:4		 États-Unis	 Los Altos	1964-08-2
648	200_mètres_papillon	Femme	50	2:26:3		 États-Unis	 Maumee	1965-08-15
649	200_mètres_papillon	Femme	50	2:25:8		 Pays-Bas	 Leyde	1965-08-21
650	200_mètres_papillon	Femme	50	2:25:3		 Pays-Bas	 Groningen	1965-09-12
651	200_mètres_papillon	Femme	50	2:22:5		 Pays-Bas	 Groningen	1967-08-2
652	200_mètres_papillon	Femme	50	2:21:0 		 Pays-Bas	 Blackpool	1967-08-25
653	200_mètres_papillon	Femme	50	2:20:7		 États-Unis	 Santa Clara	1970-07-11
654	200_mètres_papillon	Femme	50	2:19:3		 États-Unis	 Los Angeles	1970-08-22
655	200_mètres_papillon	Femme	50	2:18:6		 États-Unis	 Los Angeles	1971-08-7
656	200_mètres_papillon	Femme	50	2:18:4		 États-Unis	 Houston	1971-08-28
657	200_mètres_papillon	Femme	50	2:18:4		 États-Unis	 Houston	1971-08-28
658	200_mètres_papillon	Femme	50	2:18:4		 États-Unis	 Minsk	1971-09-10
659	200_mètres_papillon	Femme	50	2:16:62		 États-Unis	 Chicago	1972-08-6
660	200_mètres_papillon	Femme	50	2:15:57		 États-Unis	 Munich	1972-09-4
661	200_mètres_papillon	Femme	50	2:15:45	17	 Allemagne de l'Est	 Belgrade	1973-09-8
662	200_mètres_papillon	Femme	50	2:13:76	17	 Allemagne de l'Est	 Belgrade	1973-09-8
663	200_mètres_papillon	Femme	50	2:13:60	20	 Allemagne de l'Est	 Tallinn	1976-03-14
664	200_mètres_papillon	Femme	50	2:13:60	20	 Allemagne de l'Est	 Berlin-Est	1976-06-4
665	200_mètres_papillon	Femme	50	2:11:22	20	 Allemagne de l'Est	 Berlin-Est	1976-06-5
666	200_mètres_papillon	Femme	50	2:11:20	17	 Allemagne de l'Est	 Leningrad	1978-04-9
667	200_mètres_papillon	Femme	50	2:09:87	17	 Allemagne de l'Est	 Berlin-Est	1978-07-4
668	200_mètres_papillon	Femme	50	2:09:87	15	 États-Unis	 Berlin-Ouest	1978-08-26
669	200_mètres_papillon	Femme	50	2:09:77	15	 États-Unis	 San Juan	1979-07-7
670	200_mètres_papillon	Femme	50	2:08:41	15	 États-Unis	 Fort Lauderdale	1979-08-6
671	200_mètres_papillon	Femme	50	2:07:01	15	 États-Unis	 Fort Lauderdale	1979-08-6
672	200_mètres_papillon	Femme	50	2:06:37	16	 États-Unis	 Irvine	1980-07-7
673	200_mètres_papillon	Femme	50	2:05:96	17	 États-Unis	 Brown Deer	1981-08-13
674	200_mètres_papillon	Femme	50	2:05:81	27	 Australie	 Sydney	2000-05-17
675	200_mètres_papillon	Femme	50	2:05:78	19	 Pologne	 Berlin	2002-08-4
676	200_mètres_papillon	Femme	50	2:05:61	22	 Pologne	 Montréal	2005-07-28
677	200_mètres_papillon	Femme	50	2:05:40	20	 Australie	 Victoria	2006-08-17
678	200_mètres_papillon	Femme	50	2:04:18	19	 Chine	 Pékin	2008-08-14
679	200_mètres_papillon	Femme	50	2:04:14	25	 États-Unis	 Rome	2009-07-29
680	200_mètres_papillon	Femme	50	2:03:41	23	 Australie	 Rome	2009-07-30
681	200_mètres_papillon	Femme	50	2:01:81	20	 Chine	 Jinan	2009-10-22
682	200_mètres_papillon	Femme	25	2:05:65	17	 États-Unis		1981-01-2
683	200_mètres_papillon	Femme	25	2:05:37	26	 Australie	 Malmö	1999-02-18
684	200_mètres_papillon	Femme	25	2:04:42	26	 Australie		1995-09-01
685	200_mètres_papillon	Femme	25	2:04:16	27	 Australie	 Sydney	2000-01-18
686	200_mètres_papillon	Femme	25	2:04:04	19	 Chine	 Berlin	2004-01-18
687	200_mètres_papillon	Femme	25	2:03:53	24	 Pologne	 Debrecen	2007-12-13
688	200_mètres_papillon	Femme	25	2:03:12	27	 Japon	 Tokyo	2008-02-23
689	200_mètres_papillon	Femme	25	2:02:50	20	 Chine	 Stockholm	2009-11-11
690	200_mètres_papillon	Femme	25	2:00:78	20	 Chine	 Berlin	2009-11-15
691	200_mètres_papillon	Femme	25	1:59:61	24	 Espagne	 Doha	2014-12-3
692	200_mètres_4_nages	Femme	50	2:48:2		 États-Unis	 Chicago	1957-04-27
693	200_mètres_4_nages	Femme	50	2:47:7		 États-Unis	 Akron	1958-07-20
694	200_mètres_4_nages	Femme	50	2:43:2		 États-Unis	 Fresno	1958-08-16
695	200_mètres_4_nages	Femme	50	2:40:3		 États-Unis	 Hobart	1959-01-14
696	200_mètres_4_nages	Femme	50	2:40:1		 États-Unis	 Redding	1961-05-13
697	200_mètres_4_nages	Femme	50	2:37:1		 États-Unis	 Tenri	1961-07-9
698	200_mètres_4_nages	Femme	50	2:35:0		 États-Unis	 Philadelphie	1961-08-12
699	200_mètres_4_nages	Femme	50	2:33:3		 États-Unis	 Chicago	1962-08-18
700	200_mètres_4_nages	Femme	50	2:31:8		 États-Unis	 Los Angeles	1963-07-27
701	200_mètres_4_nages	Femme	50	2:30:1		 États-Unis	 Los Angeles	1964-07-11
702	200_mètres_4_nages	Femme	50	2:29:9		 États-Unis	 Los Altos	1964-08-1
703	200_mètres_4_nages	Femme	50	2:29:0		 États-Unis	 Los Altos (Californie)	1966-07-22
704	200_mètres_4_nages	Femme	50	2:27:8		 États-Unis	 Lincoln	1966-08-21
705	200_mètres_4_nages	Femme	50	2:27:5		 États-Unis	 Santa Clara (Californie)	1967-07-8
706	200_mètres_4_nages	Femme	50	2:26:1		 États-Unis	 Winnipeg	1967-07-30
707	200_mètres_4_nages	Femme	50	2:25:0		 États-Unis	 Philadelphie	1967-08-18
708	200_mètres_4_nages	Femme	50	2:23:5		 États-Unis	 Philadelphie	1967-08-25
709	200_mètres_4_nages	Femme	50	2:29:0		 États-Unis	 Los Altos	1966-07-22
710	200_mètres_4_nages	Femme	50	2:23:07		 Australie	 Munich	1972-08-28
711	200_mètres_4_nages	Femme	50	2:23:01	15	 Allemagne de l'Est	 Berlin-Est	1973-04-13
712	200_mètres_4_nages	Femme	50	2:20:51		 Allemagne de l'Est	 Belgrade	1973-09-4
713	200_mètres_4_nages	Femme	50	2:18:97		 Allemagne de l'Est	 Vienne	1974-08-18
714	200_mètres_4_nages	Femme	50	2:18:83		 Allemagne de l'Est	 Wittenberg	1975-06-10
715	200_mètres_4_nages	Femme	50	2:18:30		 Allemagne de l'Est	 Tallinn	1976-03-12
716	200_mètres_4_nages	Femme	50	2:17:14	18	 Allemagne de l'Est	 Berlin-Est	1976-06-5
717	200_mètres_4_nages	Femme	50	2:16:96		 Allemagne de l'Est	 Leipzig	1977-07-10
718	200_mètres_4_nages	Femme	50	2:15:95		 Allemagne de l'Est	 Jönköping	1977-08-20
719	200_mètres_4_nages	Femme	50	2:15:85		 Allemagne de l'Est	 Berlin-Est	1977-08-28
720	200_mètres_4_nages	Femme	50	2:15:09		 États-Unis	 The Woodlands	1978-08-2
721	200_mètres_4_nages	Femme	50	2:14:07		 États-Unis	 Berlin-Ouest	1978-08-20
722	200_mètres_4_nages	Femme	50	2:13:69		 États-Unis	 Austin	1980-01-5
723	200_mètres_4_nages	Femme	50	2:13:00		 Allemagne de l'Est	 Berlin-Est	1980-05-24
724	200_mètres_4_nages	Femme	50	2:11:73		 Allemagne de l'Est	 Magdebourg	1981-07-4
725	200_mètres_4_nages	Femme	50	2:11:65		 Chine	 Barcelone	1992-07-30
726	200_mètres_4_nages	Femme	50	2:09:72		 Chine	 Shanghai	1997-10-17
727	200_mètres_4_nages	Femme	50	2:08:92	20	 Australie	 Sydney	2008-03-25
728	200_mètres_4_nages	Femme	50	2:08:45	20	 Australie	 Pékin	2008-08-13
729	200_mètres_4_nages	Femme	50	2:07:03	20	 États-Unis	 Rome	2009-07-26
730	200_mètres_4_nages	Femme	50	2:06:15	20	 États-Unis	 Rome	2009-07-27
731	200_mètres_4_nages	Femme	50	2:06:12	26	 Hongrie	 Kazan	2015-08-3
732	200_mètres_4_nages	Femme	25	2:7:79		 États-Unis	 Palma de Majorque	1993-12-5
733	200_mètres_4_nages	Femme	25	2:6:13	24	 Zimbabwe	 Manchester	2008-04-12
734	200_mètres_4_nages	Femme	25	2:6:01	20	 Hongrie	 Moscou	2009-11-6
735	200_mètres_4_nages	Femme	25	2:4:64	20	 Hongrie	 Istanbul	2009-12-10
736	200_mètres_4_nages	Femme	25	2:4:60	22	 États-Unis	 Manchester	2009-12-19
737	200_mètres_4_nages	Femme	25	2:4:39	24	 Hongrie	 Eindhoven	2013-08-7
738	200_mètres_4_nages	Femme	25	2:3:20	24	 Hongrie	 Eindhoven	2013-08-7
739	200_mètres_4_nages	Femme	25	2:2:61	25	 Hongrie	 Doha	2014-08-27
740	200_mètres_4_nages	Femme	25	2:2:13	25	 Hongrie	 Dubai	2014-08-31
741	200_mètres_4_nages	Femme	25	2:1:86	25	 Hongrie	 Doha	2014-12-6
742	400_mètres_4_nages	Femme	50	5:50:4		 Hongrie	 Budapest	1953-04-10
743	400_mètres_4_nages	Femme	50	5:47:3		 Pays-Bas	 Hilversum	1955-03-28
744	400_mètres_4_nages	Femme	50	5:40:8		 Hongrie	 Budapest	1955-07-13
745	400_mètres_4_nages	Femme	50	5:38:9		 Pays-Bas	 Hilversum	1956-12-2
746	400_mètres_4_nages	Femme	50	5:46:6		 États-Unis	 Los Angeles	1958-06-27
747	400_mètres_4_nages	Femme	50	5:43:7		 États-Unis	 Topeka	1958-08-1
748	400_mètres_4_nages	Femme	50	5:41:1 		 États-Unis	 Melbourne	1959-02-24
749	400_mètres_4_nages	Femme	50	5:40:2 		 États-Unis	 Redding	1959-07-17
750	400_mètres_4_nages	Femme	50	5:36:5	13	 États-Unis	 Indianapolis	1960-07-15
751	400_mètres_4_nages	Femme	50	5:34:5	14	 États-Unis	 Philadelphie	1961-08-11
752	400_mètres_4_nages	Femme	50	5:29:7	15	 États-Unis	 Los Altos	1962-06-2
753	400_mètres_4_nages	Femme	50	5:27:4		 États-Unis	 Osaka	1962-07-26
754	400_mètres_4_nages	Femme	50	5:24:7	15	 États-Unis	 Osaka	1962-07-26
755	400_mètres_4_nages	Femme	50	5:21:9		 États-Unis	 Osaka	1962-07-28
756	400_mètres_4_nages	Femme	50	5:16:5	17	 États-Unis	 Lima	1964-03-10
757	400_mètres_4_nages	Femme	50	5:14:9	17	 États-Unis	 New York	1964-08-30
758	400_mètres_4_nages	Femme	50	5:11:7	18	 États-Unis	 Santa Clara	1967-07-9
759	400_mètres_4_nages	Femme	50	5:09:7	18	 États-Unis	 Winnipeg	1967-08-1
760	400_mètres_4_nages	Femme	50	5:08:2	18	 États-Unis	 Philadelphie	1967-08-10
761	400_mètres_4_nages	Femme	50	5:04:7	19	 États-Unis	 Los Angeles	1968-08-24
762	400_mètres_4_nages	Femme	50	5:02:97		 Australie	 Munich	1972-08-31
763	400_mètres_4_nages	Femme	50	5:01:10		 Allemagne de l'Est	 Utrecht	1973-08-18
764	400_mètres_4_nages	Femme	50	4:57:51		 Allemagne de l'Est	 Belgrade	1973-09-6
765	400_mètres_4_nages	Femme	50	4:52:42		 Allemagne de l'Est	 Vienne	1974-08-21
766	400_mètres_4_nages	Femme	50	4:52:20		 Allemagne de l'Est	 Wittemberg	1975-06-7
767	400_mètres_4_nages	Femme	50	4:48:79		 Allemagne de l'Est	 Berlin-Est	1976-06-1
768	400_mètres_4_nages	Femme	50	4:42:77		 Allemagne de l'Est	 Montréal	1976-07-24
769	400_mètres_4_nages	Femme	50	4:40:83	15	 États-Unis	 Berlin-Ouest	1978-08-23
770	400_mètres_4_nages	Femme	50	4:39:96	17	 Allemagne de l'Est	 Léningrad	1980-03-30
771	400_mètres_4_nages	Femme	50	4:38:44	17	 Allemagne de l'Est	 Magdebourg	1980-05-27
772	400_mètres_4_nages	Femme	50	4:36:29	17	 Allemagne de l'Est	 Moscou	1980-07-26
773	400_mètres_4_nages	Femme	50	4:36:10	19	 Allemagne de l'Est	 Guayaquil	1982-08-1
774	400_mètres_4_nages	Femme	50	4:34:79	16	 Chine	 Shanghai	1997-10-13
775	400_mètres_4_nages	Femme	50	4:33:59	18	 Ukraine	 Sydney	2000-09-16
776	400_mètres_4_nages	Femme	50	4:32:89	18	 États-Unis	 Melbourne	2007-04-1
777	400_mètres_4_nages	Femme	50	4:31:46	20	 Australie	 Sydney	2008-03-22
778	400_mètres_4_nages	Femme	50	4:31:12	19	 États-Unis	 Omaha	2008-06-29
779	400_mètres_4_nages	Femme	50	4:29:45	20	 Australie	 Pékin	2008-08-10
780	400_mètres_4_nages	Femme	50	4:28:43	16	 Chine	 Londres	2012-07-28
781	400_mètres_4_nages	Femme	50	4:26:36	27	 Hongrie	 Rio de Janeiro	2016-08-6
782	400_mètres_4_nages	Femme	25	4:29:00		 Chine	 Palma de Majorque	1993-12-2
783	400_mètres_4_nages	Femme	25	4:27:83	19	 Ukraine	 Paris	2002-01-20
784	400_mètres_4_nages	Femme	25	4:26:52	24	 Zimbabwe	 Manchester	2008-04-9
785	400_mètres_4_nages	Femme	25	4:25:87	20	 États-Unis	 Toronto	2008-11-28
786	400_mètres_4_nages	Femme	25	4:25:06	18	 Espagne	 Rijeka	2008-12-14
787	400_mètres_4_nages	Femme	25	4:22:88	20	 Afrique du Sud	 Singapour	2009-11-22
788	400_mètres_4_nages	Femme	25	4:21:04	22	 États-Unis	 Manchester	2009-12-18
789	400_mètres_4_nages	Femme	25	4:20:85	24	 Hongrie	 Berlin	2013-08-11
790	400_mètres_4_nages	Femme	25	4:20:83	25	 Hongrie	 Doha	2014-08-28
791	400_mètres_4_nages	Femme	25	4:19:86	24	 Espagne	 Doha	2014-12-3
792	400_mètres_4_nages	Femme	25	4:19:46	26	 Hongrie	 Netanya	2015-12-2
793	400_mètres_4_nages	Femme	25	4:18:94	26	 Espagne	 Eindhoven	2017-08-12
794	100_mètres_dos	Femme	50	1:36:7		 Royaume-Uni	 Göteborg	1923-07-6
795	100_mètres_dos	Femme	50	1:35:0		 Tchécoslovaquie	 Prague	1923-07-29
796	100_mètres_dos	Femme	50	1:26:6		 États-Unis	 Newark	1923-08-8
797	100_mètres_dos	Femme	50	1:22:4		 États-Unis	 Miami	1924-01-6
798	100_mètres_dos	Femme	50	1:22:0		 Pays-Bas	 Rotterdam	1927-07-10
799	100_mètres_dos	Femme	50	1:21:6		 Pays-Bas	 Amsterdam	1928-08-11
800	100_mètres_dos	Femme	50	1:21:4		 Pays-Bas	 Bruxelles	1929-04-20
801	100_mètres_dos	Femme	50	1:21:0		 Pays-Bas	 La Haye	1929-11-27
802	100_mètres_dos	Femme	50	1:20:6		 Australie	 Sydney	1930-02-27
803	100_mètres_dos	Femme	50	1:18:6		 Pays-Bas	 Wallasey	1932-05-30
804	100_mètres_dos	Femme	50	1:18:2	19	 États-Unis	 Jones Beach	1932-07-16
805	100_mètres_dos	Femme	50	1:16:8		 Pays-Bas	 Düsseldorf	1934-11-25
806	100_mètres_dos	Femme	50	1:16:3	22	 États-Unis	 Chicago	1935-01-15
807	100_mètres_dos	Femme	50	1:15:8		 Pays-Bas	 Amsterdam	1936-02-27
808	100_mètres_dos	Femme	50	1:15:7		 Pays-Bas	 Copenhague	1936-09-8
809	100_mètres_dos	Femme	50	1:15:4		 Pays-Bas	 Copenhague	1936-09-10
810	100_mètres_dos	Femme	50	1:13:6		 Pays-Bas	 Düsseldorf	1936-10-25
811	100_mètres_dos	Femme	50	1:13:5		 Pays-Bas	 Copenhague	1938-11-1
812	100_mètres_dos	Femme	50	1:13:2		 Pays-Bas	 Amsterdam	1938-11-10
813	100_mètres_dos	Femme	50	1:13:0		 Pays-Bas	 La Haye	1938-11-12
814	100_mètres_dos	Femme	50	1:12:9		 Pays-Bas	 Anvers	1938-11-26
815	100_mètres_dos	Femme	50	1:10:9		 Pays-Bas	 Rotterdam	1939-09-22
816	100_mètres_dos	Femme	50	1:12:9		 Royaume-Uni	 Melbourne	1956-12-5
817	100_mètres_dos	Femme	50	1:12:5 		 Nouvelle-Zélande	 Auckland	1958-03-12
818	100_mètres_dos	Femme	50	1:12:4 		 Royaume-Uni	 Cardiff	1958-04-19
819	100_mètres_dos	Femme	50	1:12:3		 Pays-Bas	 Nijmegen	1958-07-20
820	100_mètres_dos	Femme	50	1:11:9 		 Royaume-Uni	 Cardiff	1958-07-23
821	100_mètres_dos	Femme	50	1:11:7		 Pays-Bas	 Waalwijk	1959-07-26
822	100_mètres_dos	Femme	50	1:11:4		 États-Unis	 Chicago	1959-09-6
823	100_mètres_dos	Femme	50	1:11:0		 Pays-Bas	 Leipzig	1960-06-12
824	100_mètres_dos	Femme	50	1:10:9		 Pays-Bas	 Maastricht	1960-07-10
825	100_mètres_dos	Femme	50	1:10:1		 États-Unis	 Indianapolis	1960-07-17
826	100_mètres_dos	Femme	50	1:10:0		 États-Unis	 Détroit	1960-08-4
827	100_mètres_dos	Femme	50	1:09:2		 États-Unis	 Détroit	1960-08-5
828	100_mètres_dos	Femme	50	1:09:0		 États-Unis	 Rome	1960-09-2
829	100_mètres_dos	Femme	50	1:08:9	16	 États-Unis	 Los Angeles	1963-07-28
830	100_mètres_dos	Femme	50	1:08:6	16	 France	 Paris	1964-06-14
831	100_mètres_dos	Femme	50	1:08:3		 États-Unis	 Los Angeles	1964-09-28
832	100_mètres_dos	Femme	50	1:07:7		 États-Unis	 Tokyo	1964-10-14
833	100_mètres_dos	Femme	50	1:07:4			 Béziers	1966-07-23
834	100_mètres_dos	Femme	50	1:07:3		 Canada	 Winnipeg	1967-07-27
835	100_mètres_dos	Femme	50	1:07:1		 Canada	 Winnipeg	1967-07-30
836	100_mètres_dos	Femme	50	1:06:7			Kimberley	1968-01-30
837	100_mètres_dos	Femme	50	1:06:4			 Montreuil	1968-04-6
838	100_mètres_dos	Femme	50	1:06:2		 États-Unis	 Mexico	1968-10-23
839	100_mètres_dos	Femme	50	1:05:6			 Utrecht	1969-07-6
840	100_mètres_dos	Femme	50	1:05:39	14	 Allemagne de l'Est	 Utrecht	1973-08-18
841	100_mètres_dos	Femme	50	1:04:99	14	 Allemagne de l'Est	 Belgrade	1973-09-4
842	100_mètres_dos	Femme	50	1:04:78		 Canada	 Christchurch	1974-01-31
843	100_mètres_dos	Femme	50	1:04:43	15	 Allemagne de l'Est	 Rostock	1974-07-8
844	100_mètres_dos	Femme	50	1:04:09	15	 Allemagne de l'Est	 Vienne	1974-08-22
845	100_mètres_dos	Femme	50	1:03:30	15	 Allemagne de l'Est	 Vienne	1974-08-23
846	100_mètres_dos	Femme	50	1:03:08	15	 Allemagne de l'Est	 Vienne	1974-08-24
847	100_mètres_dos	Femme	50	1:02:98	15	 Allemagne de l'Est	 Concord	1974-09-1
848	100_mètres_dos	Femme	50	1:02:60	17	 Allemagne de l'Est	 Tallinn	1976-03-14
849	100_mètres_dos	Femme	50	1:01:62	18	 Allemagne de l'Est	 Berlin-Est	1976-06-3
850	100_mètres_dos	Femme	50	1:01:51	17	 Allemagne de l'Est	 Berlin-Est	1976-06-5
851	100_mètres_dos	Femme	50	1:01:51	15	 Allemagne de l'Est	 Moscou	1980-07-20
852	100_mètres_dos	Femme	50	1:01:50	15	 Allemagne de l'Est	 Moscou	1980-07-22
853	100_mètres_dos	Femme	50	1:00:86	15	 Allemagne de l'Est	 Moscou	1980-07-23
854	100_mètres_dos	Femme	50	1:00:59	20	 Allemagne de l'Est	 Moscou	1984-08-24
855	100_mètres_dos	Femme	50	1:00:31	17	 Hongrie	 Athènes	1991-08-22
856	100_mètres_dos	Femme	50	1:00:16	19	 Chine	 Rome	1994-09-10
857	100_mètres_dos	Femme	50	59:58	20	 États-Unis	 Fort Lauderdale	2002-08-13
858	100_mètres_dos	Femme	50	59:44	25	 États-Unis	 Melbourne	2007-03-27
859	100_mètres_dos	Femme	50	59:21	26	 États-Unis	 Columbia	2008-02-17
860	100_mètres_dos	Femme	50	59:15	22	 États-Unis	 Omaha	2008-06-30
861	100_mètres_dos	Femme	50	59:03	25	 États-Unis	 Omaha	2008-06-30
862	100_mètres_dos	Femme	50	58:97	25	 États-Unis	 Omaha	2008-07-1
863	100_mètres_dos	Femme	50	58:77	24	 Zimbabwe	 Pékin	2008-08-11
864	100_mètres_dos	Femme	50	58:48	19	 Russie	 Rome	2009-07-27
865	100_mètres_dos	Femme	50	58:12	21	 Grande-Bretagne	 Rome	2009-07-28
866	100_mètres_dos	Femme	50	58:10	21	 Canada	 Budapest	2017-07-25
867	100_mètres_dos	Femme	50	58:00	21	 États-Unis	 Irvine	2018-07-28
869	100_mètres_dos	Femme	25	59:97	17	 Allemagne de l'Est	 Indianapolis	1983-01-7
870	100_mètres_dos	Femme	25	59:41	26	 États-Unis	 Stavanger	1993-11-20
871	100_mètres_dos	Femme	25	58:50	26	 États-Unis	 Palma de Majorque	1993-12-3
872	100_mètres_dos	Femme	25	58:45		 Japon	 Sagamihara	2001-03-4
873	100_mètres_dos	Femme	25	57:08	19	 États-Unis	 New York	2001-11-29
874	100_mètres_dos	Femme	25	56:71	20	 États-Unis	 New York	2002-11-23
875	100_mètres_dos	Femme	25	56:51	25	 États-Unis	 Singapour	2007-10-28
876	100_mètres_dos	Femme	25	56:15		 Japon	 Tokyo	2009-02-22
877	100_mètres_dos	Femme	25	55:23		 Japon	 Berlin	2009-11-15
878	100_mètres_dos	Femme	25	55:03	25	 Hongrie	 Doha	2014-12-4
879	200_mètres_dos	Femme	50	3:06:8		 États-Unis	 Brighton Beach	1922-07-4
880	200_mètres_dos	Femme	50	3:03:8		 États-Unis	 Miami	1924-02-9
881	200_mètres_dos	Femme	50	2:59:2		 Pays-Bas	 Bruxelles	1928-11-24
882	200_mètres_dos	Femme	50	2:58:8	17	 États-Unis	 Buffalo	1930-02-1
883	200_mètres_dos	Femme	50	2:58:2	17	 États-Unis	 New York	1930-03-1
884	200_mètres_dos	Femme	50	2:50:4		 Royaume-Uni	 Wallasey	1932-09-19
885	200_mètres_dos	Femme	50	2:49:6		 Pays-Bas	 Amsterdam	1935-01-20
886	200_mètres_dos	Femme	50	2:48:7	23	 États-Unis	 Toledo	1936-03-3
887	200_mètres_dos	Femme	50	2:44:6		 Pays-Bas	 Amsterdam	1937-02-2
888	200_mètres_dos	Femme	50	2:41:3		 Danemark	 Aarhus	1937-02-14
889	200_mètres_dos	Femme	50	2:41:0		 Pays-Bas	 Aarhus	1938-04-17
890	200_mètres_dos	Femme	50	2:40:6		 Pays-Bas	 Düsseldorf	1936-10-26
891	200_mètres_dos	Femme	50	2:39:0		 Pays-Bas	 Amsterdam	1938-12-18
892	200_mètres_dos	Femme	50	2:38:8		 Pays-Bas	 Rotterdam	1939-11-29
893	200_mètres_dos	Femme	50	2:35:3		 Pays-Bas	 Hilversum	1950-04-2
894	200_mètres_dos	Femme	50	2:39:9 		 Nouvelle-Zélande	 Auckland	1957-01-16
895	200_mètres_dos	Femme	50	2:38:5 		 Pays-Bas	 Blackpool	1957-05-17
896	200_mètres_dos	Femme	50	2:37:4 		 États-Unis	 Topeka	1958-08-1
897	200_mètres_dos	Femme	50	2:37:1		 Japon	 Tokyo	1959-07-12
898	200_mètres_dos	Femme	50	2:34:8		 Japon	 Tokyo	1960-04-2
899	200_mètres_dos	Femme	50	2:33:5		 États-Unis	 Indianapolis	1960-07-15
900	200_mètres_dos	Femme	50	2:33:3		 Japon	 Tokyo	1960-07-23
901	200_mètres_dos	Femme	50	2:33:2		 Japon	 Tokyo	1961-07-30
902	200_mètres_dos	Femme	50	2:32:1		 Japon	 Beppu	1962-06-3
903	200_mètres_dos	Femme	50	2:31:6		 Japon	 Osaka	1962-07-29
904	200_mètres_dos	Femme	50	2:29:6 		 Japon	 Sydney	1963-02-10
905	200_mètres_dos	Femme	50	2:28:9		 Japon	 Perth	1963-02-18
906	200_mètres_dos	Femme	50	2:28:5		 Japon	 Perth	1963-02-21
907	200_mètres_dos	Femme	50	2:28:2		 Japon	 Tokyo	1963-08-4
908	200_mètres_dos	Femme	50	2:27:4		 États-Unis	 Los Angeles	1964-09-28
909	200_mètres_dos	Femme	50	2:27:1		 Afrique du Sud	 Béziers	1966-07-25
910	200_mètres_dos	Femme	50	2:26:4		 Afrique du Sud	 Lincoln	1966-08-18
911	200_mètres_dos	Femme	50	2:24:4		 Canada	 Winnipeg	1967-07-26
912	200_mètres_dos	Femme	50	2:24:1 		 Afrique du Sud	 Kimberley	1968-01-6
913	200_mètres_dos	Femme	50	2:23:8		 Afrique du Sud	 Los Angeles	1968-07-21
914	200_mètres_dos	Femme	50	2:21:5		 États-Unis	 Louisville	1969-08-14
915	200_mètres_dos	Femme	50	2:20:64		 États-Unis	 Chicago	1972-08-5
916	200_mètres_dos	Femme	50	2:20:58		 États-Unis	 Munich	1972-09-4
917	200_mètres_dos	Femme	50	2:19:19		 États-Unis	 Munich	1972-09-4
918	200_mètres_dos	Femme	50	2:18:41	15	 Allemagne de l'Est	 Rostock	1974-07-7
919	200_mètres_dos	Femme	50	2:17:35	15	 Allemagne de l'Est	 Vienne	1974-08-25
920	200_mètres_dos	Femme	50	2:16:33		 Canada	 Brantford	1975-04-27
921	200_mètres_dos	Femme	50	2:16:10	15	 Allemagne de l'Est	 Wittenberg	1975-06-6
922	200_mètres_dos	Femme	50	2:15:46	15	 Allemagne de l'Est	 Cali	1975-07-25
923	200_mètres_dos	Femme	50	2:14:41		 Allemagne de l'Est	 Berlin-Est	1976-02-29
924	200_mètres_dos	Femme	50	2:13:5		 Allemagne de l'Est	 Tallinn	1976-03-13
925	200_mètres_dos	Femme	50	2:12:47	16	 Allemagne de l'Est	 Berlin-Est	1976-06-4
926	200_mètres_dos	Femme	50	2:11:93		 États-Unis	 Berlin	1978-08-24
927	200_mètres_dos	Femme	50	2:11:77		 Allemagne de l'Est	 Moscou	1980-07-27
928	200_mètres_dos	Femme	50	2:09:91	16	 Allemagne de l'Est	 Guayaquil	1982-08-7
929	200_mètres_dos	Femme	50	2:08:60	20	 États-Unis	 Orlando	1986-06-27
930	200_mètres_dos	Femme	50	2:06:62	17	 Hongrie	 Athènes	1991-08-25
931	200_mètres_dos	Femme	50	2:06:39	25	 Zimbabwe	 Columbia	2008-02-16
932	200_mètres_dos	Femme	50	2:04:81	26	 Zimbabwe	 Rome	2009-08-1
933	200_mètres_dos	Femme	50	2:04:06	17	 États-Unis	 Londres	2012-08-3
934	200_mètres_dos	Femme	25	2:11:50		 Allemagne de l'Est	 Brême	1976-03-7
935	200_mètres_dos	Femme	25	2:07:74	17	 Allemagne de l'Est		1983-01-01
936	200_mètres_dos	Femme	25	2:06:09	18	 Chine	 Palma de Majorque	1993-12-5
937	200_mètres_dos	Femme	25	2:05:83		 Australie	 Perth	2001-08-6
938	200_mètres_dos	Femme	25	2:04:44	22	 Royaume-Uni	 Perth	2001-08-6
939	200_mètres_dos	Femme	25	2:03:62	19	 États-Unis	 New York	2001-11-27
940	200_mètres_dos	Femme	25	2:03:24	26	 Japon	 Tokyo	2008-02-23
941	200_mètres_dos	Femme	25	2:00:91	24	 Zimbabwe	 Manchester	2008-04-11
942	200_mètres_dos	Femme	25	2:00:18	18	 Japon	 Berlin	2009-11-14
943	200_mètres_dos	Femme	25	2:00:03	16	 États-Unis	 Berlin	2011-10-22
944	200_mètres_dos	Femme	25	1:59:23	25	 Hongrie	 Doha	2014-12-5
